Time AX AY AZ GX GY GZ
0.014742375000000862 0.049 0.089 0.989 0.298 0.649 -0.344
0.027174999999999727 0.055 0.08 0.985 -0.695 0.244 -2.13
0.034442166000001606 0.051 0.077 0.991 0.298 -0.573 -2.71
0.046916583000001566 0.05 0.082 0.982 -0.382 0.023 -2.702
0.054250208000002687 0.06 0.08 0.996 0.122 -0.031 -0.992
0.06680312499999985 0.052 0.088 1.015 -0.641 1.664 0.992
0.0740739579999996 0.057 0.071 1.004 -0.672 1.634 0.977
0.08679575000000028 0.04 0.104 1.004 0.084 1.382 0.641
0.09415083300000049 0.044 0.101 0.982 -1.947 1.282 1.817
0.10668658300000189 0.032 0.09 1.008 -1.344 1.611 1.771
0.11411449999999945 0.045 0.094 1.001 -2.84 0.153 -0.626
0.1261900830000009 0.048 0.081 0.972 -2.359 -0.107 -0.038
0.13365737500000208 0.042 0.078 0.972 -1.397 0.366 0.84
0.14614954099999977 0.053 0.065 0.978 -1.809 0.252 1.328
0.15369191599999965 0.051 0.07 0.975 -1.038 0.649 0.252
0.16591912500000205 0.051 0.07 0.976 0.122 0.87 1.435
0.17198062499999978 0.04 0.094 0.979 -0.55 0.718 0.908
0.18600616600000208 0.041 0.083 0.969 0.115 0.26 0.252
0.19816812500000225 0.038 0.086 0.978 0.244 -0.573 -0.015
0.20552879100000254 0.057 0.081 0.987 -0.908 -0.908 -0.137
0.2179582910000022 0.049 0.073 1.002 -2.252 0.122 0.901
0.22525325000000151 0.056 0.054 1.001 -0.366 0.023 -1.55
0.23747158300000137 0.058 0.063 0.975 0.771 -0.351 -2.992
0.2450353750000005 0.051 0.079 0.988 -0.58 0.237 -3.656
0.2572989999999997 0.061 0.089 0.994 -1.359 1.023 -3.443
0.2647705000000009 0.05 0.089 0.991 -0.802 0.565 -2.84
0.2770704160000008 0.051 0.091 0.985 -0.702 0.038 -1.863
0.28438191600000096 0.048 0.092 0.979 -1.122 0.275 -0.855
0.2968650000000004 0.044 0.079 0.995 -0.305 0.191 0.321
0.3041244160000005 0.052 0.088 1.005 -1.824 0.305 -0.374
0.3163685830000027 0.058 0.08 0.997 -2.053 0.756 -1.282
0.3238797499999997 0.046 0.08 0.974 -0.695 0.641 -1.42
0.33615891600000225 0.038 0.08 0.993 -1.076 0.763 -1.573
0.34368154100000226 0.043 0.085 0.984 -1.763 0.397 -2.038
0.3559723330000004 0.046 0.095 0.969 -1.748 0.252 -0.901
0.3681991250000003 0.046 0.081 0.983 -1.405 0.015 0.038
0.37573058300000284 0.043 0.086 1.002 -1.405 0.305 -0.122
0.3879775410000015 0.045 0.075 0.981 -1.214 0.038 0.305
0.39551754100000025 0.05 0.081 0.992 -1.183 0.221 1.214
0.4077607080000014 0.056 0.074 0.994 -0.885 -0.321 0.542
0.41536404100000013 0.058 0.079 0.991 -1.374 0.198 -0.519
0.4275283750000014 0.059 0.074 0.981 -1.534 1.046 -1.511
0.43481225000000023 0.05 0.073 0.984 -1.053 0.916 -0.595
0.44708400000000026 0.044 0.08 0.994 -1.076 0.748 -1.695
0.4545850410000014 0.048 0.08 0.997 -1.519 -0.069 -1.847
0.4668165000000002 0.049 0.07 1.008 -0.695 0.191 0.145
0.4743781250000012 0.042 0.086 1.011 -1.252 0.122 0.618
0.48656962500000134 0.047 0.074 0.993 -0.489 -0.008 0.916
0.49389804100000134 0.048 0.074 0.999 -0.74 -0.695 -1.076
0.5061634579999996 0.056 0.087 0.97 -1.87 -0.374 -1.641
0.5136804159999997 0.063 0.081 0.97 -1.855 1.244 -1.099
0.526013208000002 0.05 0.076 0.992 -1.168 0.42 -1.809
0.5379228749999996 0.041 0.083 0.99 -0.977 -0.031 -1.733
0.5455231660000024 0.045 0.085 0.971 -2.137 -0.481 -2.176
0.5575978750000026 0.044 0.091 0.98 -2.176 -1.221 -3.076
0.5650875000000006 0.053 0.077 0.977 -1.954 -1.382 -4.71
0.577105416000002 0.055 0.057 0.997 -1.542 -1.031 -3.733
0.5846028330000017 0.058 0.072 0.985 -1.473 0.435 -2.221
0.5968835410000004 0.059 0.063 0.992 -0.374 1.252 -0.718
0.6045549160000014 0.044 0.07 1.01 -0.336 0.695 -1.565
0.6168756250000023 0.054 0.083 1.005 -0.817 0.863 -0.725
0.6241737500000006 0.056 0.085 1.0 -0.855 0.992 0.611
0.6364862500000008 0.05 0.085 0.993 -0.794 0.42 0.26
0.6439455410000008 0.05 0.072 0.99 -1.397 0.824 -0.618
0.6563603330000021 0.052 0.077 0.973 -1.794 0.855 -1.244
0.6621552080000015 0.052 0.072 0.985 -0.84 0.687 -0.771
0.6757488330000001 0.05 0.079 0.984 -1.122 0.756 -1.565
0.6880223330000028 0.052 0.075 0.994 -1.641 0.382 -1.939
0.6956258330000011 0.05 0.069 0.989 -0.794 0.511 -2.489
0.7078824580000003 0.052 0.076 0.973 -0.863 0.55 -2.557
0.7153510000000018 0.044 0.068 0.982 0.099 1.069 -0.45
0.7274893750000011 0.045 0.089 1.021 -0.771 1.16 -0.588
0.7350700000000003 0.043 0.071 0.995 -0.672 0.916 -1.107
0.7472831250000027 0.04 0.084 1.002 -0.221 1.084 1.176
0.7548292910000001 0.038 0.088 0.998 -1.397 0.588 0.221
0.7670840830000003 0.046 0.082 0.987 -0.298 -0.053 1.519
0.7746187910000017 0.056 0.083 0.981 -0.336 -0.107 1.069
0.7868409160000027 0.061 0.08 0.976 -0.786 1.084 1.405
0.7943915409999995 0.05 0.067 0.983 -0.748 0.557 -0.847
0.8066158750000021 0.056 0.073 0.987 -0.626 0.435 -1.817
0.8139297499999998 0.053 0.082 0.975 -0.725 0.16 -2.42
0.8261536659999997 0.05 0.073 0.99 -0.069 0.183 -1.656
0.8337453329999995 0.055 0.077 0.991 -1.137 0.107 -1.481
0.8460552500000027 0.055 0.078 0.991 -1.0 0.405 -0.252
0.8581867500000016 0.057 0.08 0.99 -0.511 0.481 0.061
0.8657623330000028 0.059 0.085 1.0 -0.588 0.855 0.328
0.8781988750000025 0.054 0.075 0.985 -0.443 1.359 0.42
0.8855183750000002 0.055 0.086 0.979 -1.405 0.947 -1.779
0.8977075410000026 0.055 0.081 0.984 -1.962 1.122 -1.595
0.9054753750000017 0.04 0.083 0.984 -1.786 0.58 -1.435
0.9176082500000007 0.043 0.081 0.988 -1.191 0.511 -0.832
0.9251033750000026 0.046 0.075 0.991 -0.947 0.542 0.573
0.9372774160000006 0.047 0.082 0.988 -1.954 0.786 1.305
0.9448415830000023 0.044 0.071 0.979 -0.924 0.885 -0.046
0.957053375000001 0.045 0.081 0.992 -0.481 0.443 -0.008
0.9645712500000023 0.05 0.079 0.974 -1.145 0.328 -0.466
0.9768240410000004 0.047 0.082 0.982 -1.29 0.84 0.374
0.9843625830000029 0.041 0.085 0.981 -2.107 0.466 -1.366
0.9966430000000024 0.044 0.079 1.007 -2.534 0.618 -2.611
1.0035785829999995 0.041 0.081 0.988 -3.237 -0.038 -3.809
1.016074875000001 0.031 0.072 0.996 -2.145 -0.511 -4.947
1.0281723750000005 0.052 0.071 0.987 -3.328 -0.328 -5.405
1.0355378750000028 0.033 0.065 1.017 -3.817 -2.0 -7.336
1.047840541000003 0.039 0.073 0.992 -4.229 -1.855 -10.176
1.0548280830000003 0.027 0.05 0.986 -4.664 -3.221 -12.038
1.0673028750000029 0.058 0.06 0.996 -3.908 -0.702 -9.107
1.0742907079999995 0.064 0.069 0.984 -3.252 -0.435 -8.947
1.086811916000002 0.057 0.066 0.999 -1.336 0.626 -6.015
1.094022958 0.053 0.074 0.998 -1.672 0.725 -4.542
1.1064922910000021 0.049 0.076 0.999 -1.809 0.641 -3.855
1.1135395000000017 0.042 0.07 0.982 -1.626 0.099 -2.885
1.1262398329999996 0.053 0.068 0.989 -1.153 0.359 0.122
1.1334146250000003 0.056 0.073 0.986 -1.542 0.511 -1.023
1.145817958000002 0.048 0.051 0.978 -0.023 -0.153 -2.29
1.1582760830000005 0.043 0.08 0.995 -1.046 -0.069 -3.053
1.1654161250000001 0.053 0.067 0.968 -1.328 -0.397 -3.817
1.1779377910000015 0.052 0.084 0.989 -0.229 0.038 -1.748
1.1853680410000003 0.052 0.072 0.99 -0.45 0.29 -1.817
1.1976388330000027 0.053 0.078 1.001 -1.0 0.489 -1.237
1.205035125000002 0.059 0.083 0.979 -1.099 1.16 -0.42
1.2173927910000018 0.043 0.076 0.989 -0.237 1.275 0.588
1.2249290410000029 0.05 0.081 0.995 0.061 1.137 2.58
1.2372070830000013 0.042 0.079 0.997 -1.344 0.847 2.527
1.2446220409999995 0.043 0.074 1.002 -0.443 0.824 2.588
1.2571893329999995 0.032 0.076 0.992 -1.168 0.244 2.71
1.2646807500000001 0.043 0.079 0.991 -1.679 0.29 2.603
1.2769167080000017 0.05 0.065 0.982 -1.053 -0.046 1.588
1.2841281250000023 0.052 0.061 0.994 -1.664 -0.168 0.389
1.2966317499999995 0.058 0.06 0.978 -1.74 0.206 0.069
1.3038519580000028 0.065 0.059 0.994 -0.939 0.962 -0.489
1.3161582500000009 0.052 0.068 0.985 -0.313 0.702 -0.221
1.323693041000002 0.044 0.075 0.975 -1.298 0.458 -1.137
1.3359660830000024 0.053 0.085 0.99 -1.611 0.252 -3.168
1.3483002500000012 0.05 0.071 0.988 -1.13 -0.038 -2.496
1.3555473750000004 0.061 0.084 0.994 -2.0 0.122 -1.664
1.367770666000002 0.054 0.058 0.991 -2.076 -0.176 -2.099
1.3750134160000016 0.06 0.059 1.003 -1.26 -0.076 -2.229
1.3873157080000027 0.07 0.058 0.999 -1.176 -0.16 -2.672
1.3948623750000024 0.062 0.064 1.004 -1.74 0.511 -1.626
1.407150541 0.059 0.06 0.989 -0.786 1.046 -1.321
1.4143609999999995 0.049 0.084 0.999 -1.519 1.336 -0.527
1.4268634579999997 0.042 0.077 0.987 -0.687 1.237 0.641
1.4341671250000019 0.036 0.068 1.005 -0.588 0.603 -0.725
1.446433625000001 0.04 0.089 1.016 -2.427 -0.122 -1.359
1.4536644160000023 0.049 0.062 1.001 -3.336 -0.832 -0.763
1.4659072500000008 0.06 0.062 0.983 -2.435 0.107 -0.107
1.471980416000001 0.06 0.052 0.97 -1.206 0.626 0.084
1.485987166000001 0.061 0.049 0.96 -0.061 1.191 0.916
1.4981753330000025 0.048 0.068 1.002 -0.656 1.298 -0.427
1.5055221660000022 0.049 0.075 0.982 -1.908 1.038 -1.748
1.517972125 0.046 0.07 0.976 0.076 0.58 -0.649
1.5252540000000003 0.048 0.077 0.996 -0.099 0.176 -0.725
1.5375112080000015 0.048 0.073 0.984 -1.443 0.244 -1.389
1.5450282910000013 0.057 0.071 0.991 -0.611 0.595 -0.893
1.5572946250000008 0.05 0.067 0.995 -0.511 0.763 -0.13
1.564798875000001 0.047 0.068 0.987 -0.55 0.511 0.26
1.5770526250000003 0.062 0.065 0.979 -0.244 0.496 -0.344
1.5845537500000013 0.054 0.067 0.971 -0.389 0.626 -0.038
1.5967881659999996 0.062 0.065 0.994 0.611 0.748 0.557
1.6045506660000015 0.045 0.064 0.988 0.527 0.588 0.26
1.6168330409999996 0.052 0.072 0.998 -0.947 0.756 -0.076
1.6243240000000014 0.049 0.059 0.984 0.115 0.374 -0.519
1.6366185830000006 0.057 0.079 0.99 0.427 0.786 0.588
1.6444387500000026 0.055 0.073 0.979 0.099 0.947 0.305
1.6566213330000004 0.046 0.075 0.986 -0.389 0.458 0.053
1.6641027080000015 0.05 0.079 0.991 -0.015 0.344 0.229
1.676598416000001 0.051 0.075 0.985 0.237 0.313 1.611
1.6841355829999998 0.048 0.081 0.984 -0.397 0.519 1.802
1.696392416000002 0.048 0.064 0.989 0.298 0.511 1.809
1.704109166000002 0.045 0.07 0.991 0.435 0.573 1.504
1.7163848330000029 0.046 0.074 1.012 -0.427 0.511 1.008
1.7238377910000011 0.037 0.075 1.009 -1.26 0.565 0.656
1.7361193330000013 0.049 0.071 0.988 -0.733 0.466 0.588
1.743910875000001 0.052 0.058 1.002 0.427 0.679 1.481
1.7562134160000014 0.047 0.073 0.996 -1.939 0.786 0.435
1.762064916 0.043 0.06 0.974 -0.817 -0.008 -0.893
1.7759545830000008 0.055 0.059 0.969 1.221 0.595 -0.374
1.7881940000000007 0.051 0.076 0.975 -1.046 0.359 -1.809
1.7955720829999997 0.056 0.066 0.99 -1.053 0.519 -1.817
1.8079738750000018 0.052 0.065 0.986 0.237 0.733 -0.351
1.815521166 0.059 0.079 0.983 0.618 1.053 0.992
1.8277218750000017 0.044 0.08 0.979 -0.221 1.565 1.947
1.835241916000001 0.038 0.075 1.004 -0.092 1.046 0.695
1.8477895830000008 0.055 0.068 0.983 -1.321 0.748 0.359
1.8552975410000023 0.051 0.063 0.984 -0.763 0.809 0.84
1.8675675409999997 0.055 0.056 0.976 0.069 1.237 0.832
1.8753187910000015 0.053 0.062 0.988 1.183 1.481 0.985
1.8875108330000003 0.053 0.07 0.979 0.702 1.603 -0.382
1.8950537500000024 0.038 0.076 0.979 0.313 1.0 -0.794
1.9072737910000015 0.044 0.084 0.973 0.344 1.038 -0.267
1.914630583000001 0.044 0.08 0.988 0.0 0.931 -1.427
1.9269890000000025 0.056 0.075 0.991 -0.076 0.435 -1.557
1.934228958000002 0.048 0.077 0.996 -0.71 0.786 -0.427
1.9466570000000019 0.049 0.072 1.003 -0.664 0.458 -0.954
1.9540347500000017 0.054 0.057 0.999 -0.107 0.168 -0.244
1.966530500000001 0.063 0.063 0.994 -0.687 0.931 -0.229
1.9741331250000016 0.058 0.046 0.996 0.756 1.061 -0.366
1.9863669160000015 0.043 0.072 0.995 1.183 0.878 -1.328
1.9939366659999997 0.045 0.076 0.976 0.573 0.595 -1.916
2.0061416660000013 0.052 0.095 0.966 0.023 0.939 -1.595
