AX,AY,AZ,GX,GY,GZ
0.517,-0.079,1.161,-8.847,-5.122,6.947
0.493,-0.067,1.156,-8.473,2.702,-1.802
0.441,-0.059,1.158,-8.527,9.718,-6.298
0.386,-0.078,1.187,-9.191,15.290,-8.618
0.360,-0.089,1.208,-9.275,16.748,-10.908
0.362,-0.091,1.211,-9.855,16.481,-14.252
0.368,-0.086,1.221,-9.160,17.145,-17.924
0.376,-0.089,1.239,-7.160,18.053,-22.603
0.365,-0.092,1.248,-4.374,19.153,-28.000
0.336,-0.097,1.241,-1.389,19.450,-34.015
0.298,-0.096,1.244,1.679,18.427,-39.321
0.263,-0.086,1.233,4.901,17.000,-43.275
0.236,-0.073,1.211,7.443,15.916,-46.397
0.225,-0.054,1.197,8.115,15.435,-48.977
0.201,-0.047,1.184,7.313,14.771,-51.099
0.183,-0.058,1.164,6.046,14.718,-52.969
0.156,-0.056,1.163,4.954,15.679,-53.786
0.141,-0.053,1.166,5.504,15.962,-53.611
0.137,-0.041,1.149,4.656,17.313,-53.656
0.128,-0.033,1.155,2.779,18.702,-53.344
0.084,-0.049,1.158,0.672,18.237,-54.015
0.061,-0.055,1.159,-0.366,14.687,-55.595
0.051,-0.036,1.157,0.038,13.435,-55.427
0.075,0.000,1.145,0.481,15.420,-53.802
0.101,0.010,1.137,-0.313,18.015,-52.008
0.099,0.011,1.122,-2.313,20.656,-51.305
0.073,0.002,1.155,-2.107,22.496,-50.328
0.079,0.001,1.142,-1.351,21.977,-49.313
0.081,0.021,1.109,-1.794,21.695,-48.672
0.077,0.038,1.112,-3.954,21.977,-47.863
0.042,0.032,1.122,-7.244,21.069,-47.420
0.029,0.000,1.173,-7.893,17.748,-47.718
0.035,-0.022,1.190,-6.687,12.832,-50.069
0.056,-0.020,1.169,-5.733,10.519,-51.481
0.083,0.004,1.155,-5.275,13.084,-52.137
0.082,0.009,1.167,-4.626,16.763,-52.214
0.031,-0.001,1.185,-3.313,17.618,-50.916
0.014,-0.014,1.182,-1.901,17.649,-48.687
0.018,-0.014,1.167,-1.641,18.267,-46.458
0.039,-0.009,1.167,-2.366,21.305,-44.702
0.041,-0.009,1.188,-2.053,23.565,-44.580
0.057,-0.022,1.180,-1.260,25.718,-44.664
0.056,-0.008,1.172,0.099,27.321,-44.786
0.050,0.003,1.172,0.076,29.527,-43.580
0.028,0.026,1.166,0.649,30.603,-40.740
0.049,0.009,1.163,1.344,29.107,-40.863
0.044,0.009,1.169,1.527,25.405,-43.519
0.030,0.020,1.146,0.863,22.786,-45.534
0.006,0.017,1.157,0.137,20.435,-45.305
0.002,-0.000,1.171,-0.420,16.947,-44.931
0.012,-0.005,1.158,-0.458,14.260,-44.573
0.030,0.007,1.144,-1.092,15.046,-43.802
0.034,0.038,1.141,-2.328,17.695,-41.870
0.036,0.042,1.145,-3.405,21.015,-39.824
0.044,0.029,1.144,-3.687,23.389,-38.550
0.042,0.011,1.148,-4.145,25.412,-37.588
0.051,0.006,1.160,-4.359,26.008,-37.244
0.055,-0.002,1.179,-4.053,25.756,-37.244
0.055,0.000,1.172,-4.038,24.351,-38.588
0.060,-0.010,1.166,-4.336,22.786,-39.954
0.060,0.007,1.171,-4.229,21.817,-41.130
0.043,0.006,1.169,-4.252,21.817,-41.206
0.042,-0.006,1.175,-3.771,20.504,-41.511
0.031,-0.017,1.180,-3.359,19.557,-41.771
0.037,-0.022,1.180,-2.389,18.023,-41.794
0.046,-0.024,1.167,-2.084,17.489,-41.901
0.051,-0.030,1.172,-1.672,19.015,-41.031
0.061,-0.018,1.169,-0.832,20.931,-40.672
0.066,-0.014,1.170,-0.336,21.947,-41.290
0.047,-0.014,1.166,-0.313,22.168,-41.351
0.026,-0.010,1.146,-0.718,22.336,-40.664
0.033,0.001,1.155,-1.534,23.336,-40.053
0.037,-0.004,1.148,-2.160,21.496,-39.863
0.039,-0.001,1.155,-3.076,20.618,-39.794
0.038,-0.012,1.172,-3.435,20.702,-39.435
0.041,-0.017,1.178,-2.786,19.458,-39.321
0.057,-0.010,1.160,-2.580,18.153,-40.099
0.056,-0.005,1.169,-2.618,18.450,-39.817
0.054,-0.009,1.172,-2.641,18.672,-40.023
0.048,-0.010,1.161,-3.206,19.069,-40.015
0.041,-0.011,1.180,-2.389,20.107,-39.809
0.046,-0.019,1.183,-2.328,19.557,-39.412
0.053,-0.019,1.182,-1.969,19.702,-39.366
0.042,-0.014,1.181,-2.160,19.718,-38.595
0.031,-0.017,1.184,-2.412,18.817,-38.252
0.044,-0.024,1.183,-2.947,18.183,-37.840
0.060,-0.025,1.178,-3.603,17.687,-37.519
0.069,-0.017,1.185,-3.183,18.557,-37.550
0.077,-0.019,1.183,-2.611,19.282,-38.160
0.081,-0.016,1.180,-1.794,20.137,-38.168
0.068,-0.020,1.189,-0.511,20.878,-37.939
0.070,-0.016,1.184,0.366,20.832,-37.733
0.066,-0.015,1.181,0.565,21.153,-37.931
0.081,-0.019,1.184,0.603,20.313,-37.687
0.107,-0.011,1.174,0.496,20.656,-37.160
0.115,-0.007,1.165,0.588,22.260,-36.962
0.125,-0.004,1.160,0.389,23.878,-37.687
0.121,-0.010,1.165,0.588,25.550,-37.878
0.118,-0.005,1.163,1.053,25.336,-38.855
0.121,-0.007,1.148,0.275,25.878,-39.305
0.118,-0.010,1.145,-0.275,27.695,-39.405
0.142,-0.007,1.144,-0.656,30.305,-39.992
0.152,-0.017,1.156,-0.557,32.076,-40.702
0.145,-0.014,1.149,-0.046,34.176,-40.695
0.141,-0.016,1.151,0.496,37.160,-40.191
0.148,-0.011,1.157,1.076,39.702,-39.939
0.156,0.002,1.151,0.641,40.969,-40.733
0.135,0.018,1.149,-0.832,41.702,-43.389
0.112,0.024,1.167,-1.336,38.420,-46.504
0.084,0.024,1.184,-2.443,32.588,-49.450
0.089,0.010,1.198,-4.466,26.374,-50.511
0.118,-0.015,1.229,-5.824,20.954,-49.405
0.206,-0.028,1.280,-6.511,19.359,-48.931
0.335,-0.046,1.297,-5.863,24.214,-50.450
0.413,-0.059,1.336,-1.328,34.718,-55.573
0.444,-0.074,1.342,5.214,44.550,-62.748
0.417,-0.070,1.341,11.023,52.336,-69.282
0.365,-0.064,1.346,15.435,57.656,-72.366
0.362,-0.057,1.376,18.733,57.420,-73.374
0.467,-0.077,1.391,24.252,54.977,-77.511
0.641,-0.119,1.421,32.794,47.176,-91.779
0.828,-0.124,1.412,46.076,38.328,-114.397
0.990,-0.103,1.372,59.427,31.992,-139.649
1.088,-0.062,1.275,70.954,27.160,-168.229
1.076,-0.004,1.155,75.198,19.618,-198.053
0.999,0.045,1.064,73.786,10.534,-221.565
0.948,0.077,0.995,66.420,2.534,-238.237
0.944,0.069,0.895,56.954,1.977,-250.137
0.934,0.066,0.844,45.252,5.664,-250.137
0.833,0.018,0.813,30.748,5.954,-250.137
0.723,-0.077,0.794,16.847,11.496,-250.137
0.600,-0.207,0.837,2.176,10.420,-250.137
0.410,-0.368,0.978,-7.687,-1.092,-250.137
0.188,-0.575,1.062,-12.618,-18.153,-250.137
0.014,-0.699,1.158,-12.809,-33.962,-250.137
-0.112,-0.727,1.180,-13.588,-46.481,-250.137
-0.129,-0.673,1.158,-7.740,-40.328,-250.137
-0.089,-0.583,1.076,-1.710,-10.374,-250.137
-0.068,-0.509,1.029,0.458,31.634,-250.137
-0.176,-0.512,1.058,-0.336,69.145,-250.137
-0.289,-0.587,1.014,-3.565,100.328,-250.137
-0.451,-0.640,1.094,-7.802,114.015,-246.443
-0.680,-0.664,1.147,-13.985,106.107,-240.847
-0.900,-0.618,1.163,-19.099,91.344,-227.580
-1.012,-0.574,1.201,-26.099,71.466,-208.031
-1.037,-0.532,1.256,-30.740,46.573,-190.137
-0.980,-0.534,1.276,-31.924,27.382,-174.481
-0.905,-0.530,1.286,-26.687,21.611,-158.969
-0.846,-0.493,1.258,-18.015,27.397,-142.733
-0.837,-0.442,1.256,-7.733,39.305,-124.832
-0.842,-0.384,1.216,1.290,51.496,-106.160
-0.831,-0.355,1.167,8.718,62.664,-91.046
-0.859,-0.333,1.184,15.336,64.191,-80.733
-0.883,-0.288,1.126,19.298,58.511,-72.145
-0.893,-0.235,1.068,19.237,53.160,-62.603
-0.914,-0.185,1.052,18.924,41.290,-51.595
-0.896,-0.125,1.031,16.000,28.779,-39.840
-0.834,-0.093,1.005,13.198,20.008,-28.550
-0.760,-0.077,0.999,9.763,13.786,-19.374
-0.703,-0.083,1.017,7.962,11.542,-11.817
-0.650,-0.062,1.003,5.466,11.824,-4.305
-0.623,-0.039,1.012,2.611,15.374,4.046
-0.595,-0.010,1.041,-1.099,18.366,13.122
-0.569,-0.021,1.050,-4.267,21.702,22.038
-0.569,-0.040,1.069,-6.618,23.359,31.015
-0.555,-0.072,1.059,-7.153,26.557,39.244
-0.561,-0.092,1.086,-6.733,26.260,45.252
-0.575,-0.104,1.084,-6.916,22.420,50.153
-0.560,-0.114,1.087,-6.580,17.824,54.931
-0.533,-0.112,1.086,-7.015,13.389,58.992
-0.510,-0.121,1.113,-6.031,9.840,62.931
-0.507,-0.128,1.090,-4.466,7.771,68.702
-0.510,-0.127,1.086,-3.611,8.237,76.176
-0.512,-0.123,1.095,-2.756,7.718,85.405
-0.516,-0.124,1.082,-4.504,6.924,97.580
-0.494,-0.112,1.070,-8.137,7.710,111.206
-0.465,-0.093,1.043,-11.763,11.443,125.214
-0.406,-0.111,1.050,-14.763,15.267,136.206
-0.388,-0.139,1.032,-16.527,17.947,141.824
-0.387,-0.172,1.030,-18.076,17.267,144.221
-0.394,-0.193,1.051,-21.061,12.130,144.137
-0.394,-0.190,1.070,-25.786,-0.336,147.122
-0.356,-0.158,1.037,-32.176,-9.710,155.038
-0.289,-0.132,1.013,-40.061,-16.740,165.412
-0.212,-0.127,1.035,-49.763,-23.328,174.221
-0.101,-0.147,1.040,-58.565,-26.130,179.740
0.019,-0.178,0.995,-65.550,-20.947,180.977
0.136,-0.230,1.001,-73.076,-4.221,179.115
0.201,-0.265,1.151,-74.252,7.183,174.046
0.278,-0.287,1.213,-67.611,20.618,164.527
0.318,-0.272,1.169,-60.397,37.237,151.183
0.312,-0.245,1.183,-55.053,47.870,136.000
0.256,-0.215,1.217,-47.046,50.611,121.756
0.168,-0.188,1.195,-42.863,42.847,111.198
0.115,-0.161,1.198,-46.779,25.420,106.649
0.186,-0.161,1.182,-55.137,9.206,107.710
0.329,-0.177,1.169,-62.466,5.359,108.328
0.476,-0.211,1.157,-65.740,11.435,101.641
0.570,-0.243,1.191,-63.267,21.427,88.252
0.585,-0.250,1.194,-57.084,29.412,71.863
0.534,-0.241,1.194,-51.145,39.611,55.824
