AX,AY,AZ,GX,GY,GZ
0.204,-0.361,1.202,22.916,23.443,-44.069
0.186,-0.365,1.220,25.023,19.679,-44.809
0.193,-0.358,1.195,25.198,18.260,-45.435
0.202,-0.344,1.192,24.351,18.748,-44.947
0.220,-0.327,1.180,23.198,20.290,-44.389
0.239,-0.324,1.182,23.481,23.496,-44.160
0.242,-0.327,1.197,24.351,24.916,-44.321
0.230,-0.324,1.221,26.740,25.802,-45.061
0.208,-0.318,1.207,27.847,23.145,-45.305
0.179,-0.313,1.197,27.977,21.183,-45.969
0.182,-0.307,1.194,28.389,18.962,-46.145
0.201,-0.294,1.184,28.015,16.840,-45.366
0.209,-0.293,1.184,27.870,18.252,-44.718
0.208,-0.295,1.167,26.931,19.427,-44.618
0.197,-0.282,1.171,26.221,19.137,-44.282
0.192,-0.280,1.174,26.298,19.374,-44.069
0.170,-0.277,1.186,26.947,16.244,-43.450
0.177,-0.273,1.174,28.885,13.382,-42.710
0.187,-0.265,1.143,29.580,12.092,-41.855
0.198,-0.249,1.149,28.481,12.122,-41.336
0.229,-0.254,1.155,28.817,13.015,-42.069
0.247,-0.246,1.146,30.473,14.092,-44.092
0.244,-0.241,1.142,30.672,14.374,-46.870
0.216,-0.236,1.153,32.534,16.153,-49.321
0.217,-0.224,1.131,33.748,16.916,-48.931
0.201,-0.204,1.124,34.076,17.947,-46.534
0.204,-0.190,1.110,33.053,18.664,-43.214
0.184,-0.189,1.115,30.740,17.542,-42.977
0.161,-0.174,1.113,27.214,12.664,-42.740
0.152,-0.183,1.118,25.198,8.672,-41.718
0.201,-0.202,1.127,24.382,4.107,-44.359
0.214,-0.195,1.094,25.298,3.489,-47.603
0.235,-0.182,1.076,26.794,8.802,-46.969
0.264,-0.168,1.054,29.557,15.992,-45.183
0.266,-0.160,1.035,31.962,23.618,-44.168
0.235,-0.137,1.026,31.527,26.206,-45.305
0.185,-0.122,1.025,30.511,25.221,-47.344
0.147,-0.113,1.018,27.153,21.702,-46.061
0.155,-0.112,1.032,23.427,17.366,-43.336
0.165,-0.104,1.033,19.718,13.282,-41.275
0.187,-0.123,1.024,17.137,9.183,-42.466
0.190,-0.114,1.034,16.618,7.878,-44.405
0.217,-0.114,1.055,16.695,7.473,-44.115
0.229,-0.110,1.061,17.046,8.809,-43.221
0.224,-0.111,1.073,18.038,9.000,-42.275
0.208,-0.113,1.079,17.664,9.359,-42.237
0.217,-0.112,1.083,16.473,9.641,-41.855
0.228,-0.102,1.083,13.679,10.412,-42.328
0.240,-0.083,1.081,10.863,10.748,-41.817
0.258,-0.094,1.094,9.008,14.427,-41.618
0.273,-0.093,1.130,7.916,16.450,-41.649
0.280,-0.092,1.131,6.260,19.015,-40.656
0.297,-0.088,1.149,4.916,21.389,-40.687
0.282,-0.090,1.177,5.519,20.496,-42.183
0.266,-0.110,1.202,8.298,17.603,-44.321
0.259,-0.115,1.209,11.863,14.229,-46.489
0.248,-0.117,1.202,15.916,11.992,-47.176
0.242,-0.104,1.179,17.656,8.763,-47.031
0.238,-0.092,1.168,18.160,7.885,-46.473
0.230,-0.078,1.163,18.221,6.168,-46.779
0.236,-0.075,1.153,17.832,6.374,-48.061
0.241,-0.069,1.119,17.099,7.527,-47.397
0.261,-0.066,1.129,16.901,11.771,-45.901
0.291,-0.055,1.111,17.244,17.130,-45.221
0.276,-0.045,1.113,16.550,19.794,-44.344
0.252,-0.049,1.094,15.115,19.870,-43.084
0.243,-0.068,1.106,13.412,17.924,-43.206
0.256,-0.076,1.110,12.573,14.168,-47.229
0.241,-0.068,1.106,12.931,10.389,-50.656
0.244,-0.054,1.090,14.237,9.595,-50.427
0.271,-0.037,1.074,15.069,11.405,-47.382
0.289,-0.034,1.063,15.901,16.611,-43.748
0.309,-0.027,1.064,16.092,21.916,-41.885
0.295,-0.022,1.063,15.679,24.122,-43.702
0.257,-0.013,1.049,14.649,23.863,-44.504
0.253,-0.008,1.043,12.947,22.519,-43.473
0.258,-0.005,1.048,12.290,20.290,-43.504
0.264,-0.012,1.024,12.359,18.580,-44.718
0.239,-0.000,1.021,10.878,16.901,-44.733
0.243,0.002,1.024,10.534,15.038,-45.473
0.261,-0.004,1.010,9.832,13.145,-46.069
0.268,0.005,0.992,6.863,13.282,-46.550
0.270,0.004,0.995,4.305,15.290,-46.977
0.244,-0.002,1.029,3.282,15.901,-46.618
0.242,-0.011,1.013,2.756,17.832,-46.267
0.234,-0.010,1.013,2.725,20.321,-46.176
0.230,-0.002,1.035,2.527,21.809,-45.527
0.225,0.000,1.031,1.710,22.725,-45.908
0.205,0.003,1.038,0.366,21.168,-45.885
0.188,-0.001,1.052,-1.725,18.450,-45.008
0.194,-0.004,1.061,-3.679,15.985,-44.420
0.200,-0.009,1.066,-5.695,13.595,-43.641
0.215,-0.012,1.096,-6.481,12.870,-43.351
0.220,-0.018,1.103,-6.557,13.305,-43.328
0.257,-0.021,1.098,-5.985,17.305,-43.130
0.259,-0.024,1.124,-5.092,21.298,-42.908
0.253,-0.022,1.123,-3.580,23.321,-43.771
0.233,-0.017,1.124,-3.672,24.000,-43.305
0.232,-0.021,1.157,-3.595,22.901,-42.443
0.243,-0.035,1.149,-2.725,21.840,-42.954
0.235,-0.021,1.154,-2.947,19.817,-42.397
0.236,-0.021,1.157,-3.397,19.023,-41.908
0.242,-0.018,1.154,-3.817,18.580,-41.649
0.243,-0.018,1.167,-4.336,16.870,-40.321
0.272,-0.016,1.141,-4.611,19.740,-39.817
0.283,-0.024,1.173,-3.916,21.504,-39.718
0.281,-0.024,1.161,-2.916,22.634,-40.611
0.272,-0.016,1.165,-2.519,23.565,-40.466
0.275,-0.018,1.174,-1.985,23.237,-40.397
0.282,-0.014,1.178,-1.756,21.321,-40.130
0.286,-0.012,1.178,-1.550,20.168,-40.405
0.284,-0.010,1.184,-0.916,18.489,-40.382
0.301,-0.013,1.178,0.664,18.489,-41.145
0.305,-0.008,1.165,1.794,19.840,-41.641
0.291,0.000,1.144,2.305,21.931,-41.763
0.287,0.000,1.139,1.481,21.718,-41.389
0.287,0.006,1.144,0.374,21.672,-41.397
0.289,0.002,1.138,-0.901,21.344,-41.031
0.284,0.005,1.158,-1.626,19.710,-41.137
0.281,-0.001,1.155,-1.733,17.588,-41.595
0.283,-0.014,1.153,-1.015,16.336,-41.817
0.286,-0.012,1.169,0.214,15.458,-42.221
0.302,-0.013,1.164,1.489,17.328,-42.779
0.293,0.001,1.164,1.855,18.527,-42.908
0.284,0.001,1.161,1.405,18.313,-43.092
0.274,0.001,1.162,1.397,17.031,-43.351
0.271,-0.006,1.170,0.947,17.260,-42.641
0.277,-0.012,1.170,0.893,17.366,-42.298
0.285,-0.016,1.174,2.832,17.115,-42.969
0.284,-0.023,1.187,4.802,17.359,-44.298
0.276,-0.012,1.179,6.779,18.496,-44.359
0.286,0.002,1.169,7.420,18.985,-44.244
0.281,0.009,1.173,7.015,17.748,-44.298
0.281,0.008,1.176,6.832,16.702,-45.214
0.286,-0.002,1.169,7.313,16.389,-45.924
0.289,-0.005,1.157,8.382,18.344,-46.779
0.285,-0.007,1.146,10.656,20.160,-47.702
0.274,-0.008,1.113,13.481,22.237,-48.389
0.270,0.002,1.067,15.702,25.015,-48.634
0.264,0.014,1.042,17.160,28.115,-49.046
0.260,0.020,1.002,17.275,29.122,-50.214
0.248,0.024,0.943,16.321,30.817,-51.115
0.241,0.022,0.900,15.214,33.687,-51.328
0.231,0.017,0.846,14.443,36.244,-52.069
0.210,0.010,0.821,13.580,38.771,-52.863
0.195,0.008,0.755,12.435,40.908,-52.878
0.184,0.001,0.683,10.084,45.344,-53.466
0.174,0.006,0.643,9.473,47.527,-54.244
0.188,0.024,0.556,7.573,54.718,-55.046
0.163,0.041,0.500,3.580,59.573,-54.771
0.143,0.051,0.449,-0.107,64.611,-50.244
0.116,0.059,0.444,-9.137,61.053,-46.198
0.042,0.053,0.507,-19.748,49.588,-44.878
-0.050,0.035,0.575,-31.008,31.534,-48.008
-0.069,0.007,0.604,-39.977,11.053,-51.519
-0.060,-0.014,0.665,-43.160,-3.672,-50.947
0.022,-0.035,0.628,-44.496,-3.748,-47.183
0.129,-0.040,0.663,-41.725,4.855,-46.084
0.197,0.004,0.660,-36.160,17.405,-46.824
0.208,0.054,0.643,-33.824,32.550,-42.198
0.231,0.094,0.639,-33.870,45.901,-37.244
0.246,0.107,0.613,-39.069,51.115,-31.527
0.275,0.102,0.607,-49.939,49.115,-28.718
0.206,0.097,0.742,-71.641,33.191,-32.420
0.021,0.047,0.997,-99.313,-3.527,-36.168
-0.055,-0.046,1.134,-124.916,-38.275,-41.061
0.076,-0.156,1.249,-134.908,-50.893,-38.679
0.359,-0.276,1.291,-132.573,-35.305,-30.847
0.576,-0.376,1.405,-120.618,3.015,-26.527
0.584,-0.415,1.504,-96.588,39.145,-28.099
0.449,-0.386,1.518,-71.992,59.076,-32.924
0.359,-0.324,1.435,-49.160,65.374,-39.298
0.305,-0.234,1.341,-35.252,58.725,-44.221
0.248,-0.145,1.229,-37.321,37.824,-39.809
0.115,-0.075,1.286,-61.504,9.031,-34.664
0.059,-0.116,1.351,-92.198,-15.878,-33.145
0.173,-0.266,1.478,-104.779,-20.802,-37.359
0.353,-0.413,1.602,-101.466,-10.305,-33.015
0.475,-0.548,1.665,-83.214,12.191,-29.687
0.445,-0.579,1.693,-62.924,32.634,-34.885
0.323,-0.498,1.695,-46.115,39.115,-40.351
0.274,-0.410,1.597,-34.794,39.794,-41.496
0.283,-0.364,1.549,-26.725,34.901,-38.870
0.278,-0.318,1.506,-28.053,26.405,-36.786
0.252,-0.309,1.478,-38.214,19.611,-37.031
0.249,-0.340,1.533,-47.275,14.099,-38.947
0.230,-0.403,1.619,-49.679,10.916,-38.015
0.249,-0.495,1.661,-46.481,14.710,-35.954
0.270,-0.554,1.702,-36.450,18.725,-36.092
0.283,-0.537,1.667,-23.382,24.290,-37.779
0.287,-0.482,1.621,-12.298,29.985,-37.527
0.289,-0.434,1.554,-2.336,34.153,-36.145
0.288,-0.403,1.464,4.954,33.107,-36.527
0.292,-0.369,1.379,7.588,29.702,-36.947
0.328,-0.338,1.289,7.435,27.153,-38.450
0.361,-0.313,1.243,6.282,27.763,-40.763
0.367,-0.309,1.223,5.206,28.985,-42.122
0.352,-0.315,1.204,4.931,31.473,-43.145
0.303,-0.329,1.219,4.191,29.893,-44.344
0.271,-0.340,1.225,4.237,26.580,-45.641
0.267,-0.353,1.222,4.779,23.588,-46.664
0.289,-0.361,1.211,6.939,23.916,-47.122
