Time AX AY AZ GX GY GZ
0.020034084000002395 0.226 -0.124 0.946 -1.481 1.244 1.038
0.0271986670000004 0.21 -0.122 0.952 -2.061 0.763 1.679
0.03960704200000009 0.23 -0.136 0.959 -1.824 -0.26 1.321
0.046549292000001685 0.228 -0.126 0.94 -0.023 -0.282 0.26
0.05911416700000416 0.229 -0.133 0.946 -0.176 -0.107 0.031
0.06603954199999862 0.223 -0.136 0.942 -0.252 -0.008 0.366
0.07846179199999881 0.224 -0.125 0.958 0.122 0.137 -0.023
0.08596245900000099 0.226 -0.125 0.963 -0.328 -0.214 0.061
0.09819508400000387 0.248 -0.122 0.946 0.153 -0.046 0.626
0.10542174999999787 0.246 -0.12 0.955 0.733 0.198 -0.076
0.11799095900000367 0.252 -0.11 0.969 -0.649 0.046 1.069
0.12562541700000196 0.242 -0.13 0.969 -0.794 0.481 1.305
0.13786929199999776 0.281 -0.124 0.967 0.931 0.794 1.893
0.15004966699999756 0.265 -0.138 0.985 -0.229 0.702 0.847
0.15757991699999963 0.276 -0.139 0.975 -0.122 1.878 1.565
0.16985520899999784 0.278 -0.134 0.988 -0.374 2.748 1.74
0.17711462500000152 0.279 -0.13 0.989 -1.267 2.405 2.618
0.1896239169999987 0.291 -0.141 0.988 0.176 2.389 2.344
0.19713079200000294 0.305 -0.14 0.984 2.794 2.168 1.29
0.20935825000000108 0.327 -0.139 0.989 2.794 2.076 1.634
0.21687345899999855 0.341 -0.133 0.989 2.466 2.954 1.084
0.22912491700000004 0.334 -0.136 0.98 2.244 3.183 0.947
0.23660312500000202 0.334 -0.146 0.995 1.901 3.389 1.504
0.24924899999999894 0.35 -0.139 0.992 1.763 4.321 1.878
0.2567056669999985 0.347 -0.134 0.975 1.656 3.588 0.679
0.26898529200000354 0.358 -0.125 0.96 1.809 1.947 -0.298
0.27619920899999784 0.353 -0.118 0.952 3.656 -0.794 -2.344
0.288597750000001 0.371 -0.116 0.964 6.237 -2.748 -4.771
0.29587874999999997 0.389 -0.111 0.945 9.863 -3.908 -5.527
0.3081321670000037 0.406 -0.107 0.959 9.038 -3.328 -7.435
0.3201067500000008 0.429 -0.101 0.969 7.817 -2.092 -7.519
0.3276567500000027 0.423 -0.09 0.951 7.122 0.611 -7.802
0.33985400000000254 0.411 -0.077 0.952 5.511 2.458 -6.45
0.34733412500000327 0.41 -0.078 0.936 4.771 3.878 -4.71
0.3597090000000023 0.398 -0.076 0.925 3.748 4.557 -3.275
0.3669578750000042 0.399 -0.07 0.933 1.527 5.344 -1.504
0.37921912499999877 0.389 -0.08 0.932 0.87 5.756 -0.29
0.38678674999999885 0.376 -0.071 0.907 -1.412 4.863 -0.901
0.3988151249999987 0.368 -0.084 0.908 -0.275 3.405 -3.0
0.4062302090000003 0.347 -0.107 0.932 0.237 1.405 -4.809
0.41846708399999955 0.357 -0.091 0.928 1.519 0.84 -6.336
0.4259717500000022 0.349 -0.081 0.924 2.252 0.45 -8.366
0.43822458400000386 0.362 -0.078 0.935 5.473 2.061 -5.099
0.4455019589999978 0.318 -0.087 0.935 3.344 -0.366 -12.237
0.45758179199999915 0.323 -0.095 0.926 4.977 -0.237 -12.58
0.4695729590000042 0.318 -0.092 0.914 3.817 -0.176 -13.771
0.47685958400000317 0.298 -0.097 0.893 6.153 -2.733 -17.366
0.489141625000002 0.3 -0.11 0.888 7.656 -5.0 -23.191
0.4965045840000002 0.311 -0.097 0.905 6.344 -6.191 -25.443
0.5084596670000039 0.3 -0.07 0.885 4.061 -5.458 -27.115
0.5157239589999989 0.392 0.008 0.893 2.313 -2.916 -20.244
0.5280275840000002 0.298 -0.052 0.875 4.481 -4.916 -28.641
0.5401205420000039 0.243 0.033 0.779 7.954 -6.267 -26.015
0.5473182090000037 0.277 -0.003 0.88 7.824 -12.878 -32.687
0.5593530419999979 0.262 0.006 0.856 9.771 -13.786 -36.466
0.5666019590000033 0.292 0.011 0.868 8.313 -14.985 -35.779
0.5787016670000042 0.297 -0.005 0.875 5.336 -12.13 -32.939
0.5859662499999985 0.303 -0.025 0.889 0.832 -9.107 -26.878
0.5981062500000007 0.295 -0.068 0.885 -2.221 -5.649 -21.756
0.6101341250000019 0.282 -0.099 0.888 -4.427 -2.664 -17.412
0.6171401670000023 0.261 -0.131 0.893 -3.832 -1.282 -14.153
0.6292900839999973 0.237 -0.152 0.892 -2.71 -0.092 -12.305
0.638536000000002 0.23 -0.154 0.89 -0.656 1.71 -12.954
0.6488933750000001 0.25 -0.124 0.911 -1.87 4.71 -8.176
0.6556887919999994 0.195 -0.12 0.894 -5.466 5.748 -9.74
0.6682624170000011 0.198 -0.123 0.891 -6.282 7.008 -7.794
0.6751219169999985 0.184 -0.117 0.871 -4.237 4.847 -11.878
0.6874668749999984 0.16 -0.119 0.876 -0.969 0.779 -18.405
0.6999195839999999 0.165 -0.124 0.879 3.168 -4.656 -25.344
0.7069098750000009 0.165 -0.118 0.878 9.076 -9.42 -35.42
0.7190922919999991 0.211 -0.09 0.884 8.542 -11.099 -38.405
0.7261172919999979 0.22 -0.084 0.87 9.466 -9.427 -39.366
0.7386401669999998 0.222 -0.042 0.871 9.473 -7.702 -37.374
0.7455942919999998 0.19 -0.012 0.842 4.168 -7.855 -36.992
0.7578827500000003 0.216 -0.022 0.834 0.641 -8.183 -35.687
0.7701255839999988 0.23 -0.03 0.852 -3.748 -7.053 -32.641
0.7771390420000017 0.21 -0.072 0.85 -7.565 -5.687 -30.237
0.7893945000000002 0.218 -0.094 0.861 -7.382 -4.031 -28.183
0.7961502920000001 0.222 -0.095 0.865 -7.458 -1.489 -26.626
0.8086415000000002 0.212 -0.084 0.868 -8.618 0.389 -25.748
0.8156925420000007 0.19 -0.075 0.873 -9.855 1.29 -26.214
0.8279033339999984 0.194 -0.069 0.883 -11.947 1.687 -26.794
0.8402117919999981 0.184 -0.09 0.887 -12.672 2.031 -27.511
0.8471205840000025 0.173 -0.11 0.878 -14.58 1.595 -27.855
0.8592168750000013 0.188 -0.103 0.892 -14.985 2.137 -27.252
0.866259208999999 0.201 -0.147 0.91 -14.725 3.58 -25.977
0.8786376250000032 0.18 -0.136 0.908 -12.573 5.954 -23.672
0.8858754589999975 0.164 -0.122 0.893 -12.901 7.794 -23.229
0.8977846670000034 0.156 -0.1 0.892 -14.672 8.656 -22.939
0.9100237500000006 0.131 -0.09 0.878 -15.427 7.992 -21.443
0.9169422089999983 0.12 -0.094 0.861 -14.13 6.718 -21.298
0.9290473750000032 0.109 -0.073 0.87 -14.794 5.382 -22.664
0.9362802090000031 0.1 -0.077 0.855 -16.053 1.931 -22.153
0.9482883750000042 0.111 -0.098 0.858 -15.16 -0.954 -22.603
0.9601418339999981 0.133 -0.082 0.908 -16.802 -0.71 -22.191
0.9673258750000002 0.147 -0.088 0.896 -19.557 2.0 -20.618
0.9793516249999996 0.121 -0.103 0.9 -18.992 2.328 -18.344
0.9864343750000018 0.114 -0.102 0.885 -18.29 0.542 -17.557
0.9983626249999986 0.079 -0.09 0.86 -17.664 -0.626 -19.84
1.0052650000000014 0.13 -0.093 0.918 -18.046 1.42 -13.458
1.0174969999999988 0.105 -0.13 0.902 -18.206 1.153 -12.901
1.0299387499999995 0.124 -0.147 0.974 -17.649 2.916 -6.695
1.0368371249999981 0.129 -0.153 0.978 -15.954 3.878 -5.137
1.0493643340000034 0.148 -0.17 1.009 -15.702 2.107 -8.137
1.0564901669999998 0.125 -0.186 0.978 -10.115 1.405 -9.939
1.068655624999998 0.113 -0.163 0.937 -5.351 -0.756 -18.305
1.0753318750000034 0.159 -0.136 0.987 -4.626 -1.878 -24.023
1.087855334000004 0.141 -0.096 0.927 -6.42 2.321 -12.008
1.1001416249999991 0.091 -0.061 0.913 -6.305 2.092 -9.305
1.1074023749999995 0.098 -0.062 0.922 -8.267 1.634 -2.412
1.119629584000002 0.075 -0.037 0.931 -9.015 -1.527 2.252
1.1269332500000004 0.034 -0.048 0.914 -7.374 -7.679 0.115
1.1392619590000024 0.045 -0.049 0.955 -8.206 -15.84 -4.908
1.1460148749999988 0.084 -0.093 0.995 -12.718 -21.969 -4.511
1.1581232500000027 0.128 -0.167 1.011 -17.893 -23.855 -6.038
1.1701041250000017 0.163 -0.221 1.031 -19.969 -19.893 -0.145
1.177481499999999 0.153 -0.264 1.045 -16.489 -15.756 4.305
1.1895473340000038 0.138 -0.247 1.03 -11.962 -12.206 6.076
1.196868834 0.15 -0.147 1.007 -6.489 -10.42 10.031
1.208947375000001 0.097 -0.137 0.95 -6.008 -11.412 8.748
1.2160461249999983 0.088 -0.108 0.945 -6.244 -15.336 10.321
1.228094333999998 0.096 -0.137 0.939 -8.252 -20.756 13.183
1.2400420000000025 0.119 -0.213 0.933 -5.145 -24.137 12.817
1.2470991249999983 0.154 -0.225 0.956 -0.679 -25.557 10.099
1.2591957090000037 0.228 -0.172 0.987 -0.908 -23.053 12.779
1.2664635840000003 0.285 -0.113 0.99 -4.863 -17.397 14.908
1.2784359999999992 0.236 -0.132 0.981 -8.542 -14.183 14.779
1.2855247090000006 0.233 -0.084 0.976 -13.771 -12.069 15.786
1.2976122920000037 0.193 -0.12 0.935 -13.954 -11.771 14.756
1.3095957920000032 0.206 -0.136 0.955 -13.038 -10.504 15.374
1.3166479590000009 0.2 -0.137 0.98 -13.893 -11.473 18.55
1.3287087090000043 0.211 -0.149 0.979 -12.74 -10.328 21.824
1.3357205420000042 0.198 -0.187 0.986 -11.031 -10.893 20.298
1.3477442089999982 0.195 -0.201 1.001 -9.573 -12.45 18.595
1.3598352090000034 0.22 -0.202 1.027 -7.901 -12.26 17.863
1.3670973340000003 0.22 -0.168 1.041 -9.626 -10.351 22.305
1.3791080000000022 0.214 -0.204 1.014 -9.443 -10.26 25.229
1.386185625000003 0.211 -0.218 1.005 -6.267 -13.29 26.855
1.398244292000001 0.232 -0.227 1.01 -5.573 -16.519 31.031
1.405524333999999 0.269 -0.264 1.013 -4.145 -17.435 29.557
1.417550417000001 0.311 -0.238 1.021 -5.008 -14.885 32.206
1.4296009589999983 0.334 -0.209 1.03 -10.275 -10.405 35.458
1.436602042000004 0.382 -0.208 1.033 -12.595 -4.206 37.107
1.4486805419999982 0.298 -0.168 0.942 -12.168 -2.779 31.901
1.4559494590000028 0.303 -0.174 0.963 -12.229 -4.733 32.214
1.4679807500000024 0.309 -0.218 0.957 -8.046 -5.038 32.076
1.474051334000002 0.33 -0.251 0.979 -5.649 -3.42 31.267
1.4875526249999993 0.33 -0.254 0.987 -3.58 -1.198 33.336
1.499557166999999 0.34 -0.227 0.992 -2.71 0.092 34.931
1.507074541999998 0.329 -0.181 0.983 -4.458 1.962 33.603
1.5190511250000043 0.317 -0.164 1.0 -6.725 3.565 33.924
1.5264019999999974 0.322 -0.163 1.013 -7.908 5.573 31.313
1.5385252920000028 0.289 -0.177 1.017 -7.649 6.947 29.542
1.5458259589999983 0.287 -0.198 1.04 -7.87 6.305 30.145
1.5580213750000027 0.284 -0.257 1.031 -3.595 5.122 30.725
1.5655415419999983 0.27 -0.271 1.036 2.244 3.298 31.863
1.5779640840000013 0.314 -0.268 1.037 5.351 1.481 32.588
1.585565416999998 0.323 -0.289 1.048 4.496 1.191 31.603
1.597759584000002 0.353 -0.271 1.047 4.489 3.687 29.511
1.6100286249999982 0.357 -0.252 1.03 4.832 5.947 28.649
1.6172862499999994 0.351 -0.24 1.022 4.985 6.542 27.817
1.6295647920000036 0.352 -0.221 1.007 4.466 6.435 26.649
1.637166209 0.352 -0.241 0.996 2.092 6.275 25.962
1.6493500420000018 0.361 -0.266 0.993 0.366 6.16 27.893
1.6568673339999975 0.368 -0.264 0.999 2.969 7.0 28.298
1.669162374999999 0.36 -0.255 0.998 5.863 6.145 29.542
1.6760702090000024 0.355 -0.216 0.992 6.473 5.13 29.527
1.688542959000003 0.37 -0.215 0.993 7.832 4.901 27.267
1.6957024590000032 0.375 -0.227 1.006 8.481 3.847 25.252
1.7082355840000005 0.39 -0.224 1.014 10.87 3.702 23.733
1.7152590419999996 0.419 -0.206 1.015 9.458 3.29 24.321
1.7278047920000006 0.417 -0.212 1.009 7.015 3.656 24.695
1.7349841670000004 0.45 -0.186 1.008 6.863 5.557 23.626
1.7475252090000026 0.453 -0.2 1.008 5.847 7.695 25.542
1.759926667000002 0.437 -0.203 1.012 7.466 9.527 23.328
1.7670302920000012 0.417 -0.198 0.995 10.817 8.053 22.267
1.779522833999998 0.417 -0.19 0.984 11.916 6.397 20.802
1.7868239169999995 0.429 -0.181 1.002 9.656 5.656 19.023
1.7992874999999984 0.446 -0.187 1.015 6.954 6.389 17.519
1.8063325840000033 0.459 -0.194 1.03 3.893 8.374 18.053
1.8188035840000012 0.447 -0.19 1.022 3.817 10.527 18.565
1.8257061669999999 0.429 -0.191 1.016 4.695 11.267 18.809
1.8382157919999997 0.412 -0.186 1.004 5.725 10.519 18.954
1.8456716669999977 0.403 -0.203 0.971 8.328 7.649 18.779
1.8578529589999988 0.405 -0.216 0.963 11.29 5.45 15.275
1.8651540840000038 0.428 -0.207 0.986 8.489 4.351 16.641
1.877589583999999 0.422 -0.214 0.976 6.374 5.321 18.542
1.8902878339999987 0.443 -0.215 0.979 3.557 6.412 20.542
1.8972851250000033 0.404 -0.158 1.041 1.489 7.87 18.229
1.9095422919999976 0.413 -0.175 0.94 6.435 10.221 17.565
1.9166779999999974 0.389 -0.145 0.914 8.489 8.641 17.206
1.9292905840000003 0.408 -0.133 0.944 3.931 8.115 16.626
1.9362408750000029 0.423 -0.145 0.963 -3.397 10.435 16.832
1.9485572090000005 0.392 -0.173 0.951 -4.45 12.87 18.679
1.955496334000003 0.378 -0.18 0.942 -3.023 10.718 18.908
1.9680384999999987 0.383 -0.238 0.932 1.473 9.198 15.321
1.9752979590000024 0.422 -0.221 0.949 4.115 9.046 16.351
1.9883185420000018 0.404 -0.287 0.938 11.901 10.496 10.351
2.000125666999999 0.423 -0.243 0.939 19.084 12.198 7.733
