Time AX AY AZ GX GY GZ
0.014900334000000015 0.084 -0.12 0.981 0.893 -0.595 -0.076
0.0261862500000003 0.084 -0.128 0.981 0.84 -0.504 -0.267
0.03339775000000067 0.084 -0.129 0.986 0.588 -1.046 -0.649
0.04704041700000161 0.091 -0.137 0.996 0.305 -0.924 -0.366
0.052813042000000365 0.092 -0.134 0.991 -0.542 -1.74 -0.939
0.06521129200000075 0.085 -0.128 0.987 -0.626 -1.893 -1.42
0.07229091700000012 0.089 -0.133 0.979 -0.008 -1.672 -2.031
0.08499333399999998 0.088 -0.125 0.965 -0.183 -0.565 -1.321
0.09207845900000144 0.087 -0.122 0.98 -0.046 -0.069 -0.832
0.10443425000000062 0.088 -0.12 0.977 1.015 0.107 -0.939
0.11176083400000003 0.092 -0.12 0.976 0.924 -0.084 -1.672
0.12412012500000102 0.088 -0.128 0.974 0.901 -1.145 -3.244
0.13164837500000104 0.09 -0.131 0.984 1.076 -1.847 -4.176
0.14391700000000007 0.087 -0.137 0.994 0.817 -1.397 -3.794
0.15617700000000134 0.09 -0.142 0.998 -0.718 -0.817 -2.382
0.1634402090000009 0.095 -0.134 0.994 -1.939 -0.458 -1.809
0.17575475000000118 0.098 -0.133 0.983 -2.107 -0.481 -1.13
0.18305287500000134 0.086 -0.127 0.98 -1.542 -0.74 -0.756
0.1953421670000015 0.087 -0.127 0.981 -0.763 0.321 -0.679
0.20279770900000038 0.081 -0.132 0.981 -0.473 0.298 -0.664
0.21499520900000135 0.084 -0.121 0.989 -0.885 0.214 -0.061
0.2225630840000008 0.091 -0.119 0.988 -0.725 0.366 0.084
0.23481445900000075 0.088 -0.124 0.984 -1.573 0.351 -0.374
0.24205545900000125 0.088 -0.128 0.989 -1.931 -1.023 -1.252
0.2543549590000005 0.088 -0.125 1.0 -1.885 -1.382 -1.634
0.261585375000001 0.091 -0.122 0.98 -1.237 -1.053 -2.008
0.2739397920000002 0.084 -0.124 0.987 -1.275 -0.74 -2.076
0.28612358400000026 0.094 -0.126 0.984 -1.198 -0.763 -1.916
0.2935737500000002 0.09 -0.126 0.973 -1.267 -1.015 -2.145
0.30550220900000014 0.092 -0.13 0.98 -0.893 -0.267 -1.267
0.3129760000000008 0.09 -0.127 0.99 -0.595 0.405 -0.954
0.3252349590000012 0.093 -0.137 0.987 -0.588 0.321 -0.763
0.33274579200000076 0.091 -0.127 0.981 -0.29 0.588 -0.473
0.3450269170000002 0.085 -0.129 0.988 -0.267 0.687 -0.053
0.3525380000000009 0.083 -0.126 0.986 -1.214 0.626 0.26
0.3645441250000001 0.084 -0.131 0.967 -1.191 -0.679 -0.084
0.3720773340000001 0.082 -0.117 0.981 -1.908 -1.275 -0.427
0.38406395900000057 0.092 -0.127 0.988 -2.771 -0.885 -0.412
0.39209683400000017 0.09 -0.13 0.971 -4.191 -1.542 -0.42
0.403877167000001 0.093 -0.128 0.972 -3.794 -1.344 -0.863
0.41589604199999997 0.088 -0.125 0.97 -2.588 -0.748 -1.038
0.4232202090000001 0.093 -0.129 0.98 -1.893 -1.069 -1.252
0.43548575000000156 0.088 -0.131 0.991 -2.107 -0.229 -0.954
0.4429934590000002 0.089 -0.135 0.995 -1.687 1.595 0.901
0.4552910840000006 0.085 -0.135 0.975 -2.321 2.305 0.977
0.4627577500000015 0.085 -0.143 0.97 -3.046 0.931 -0.313
0.4750013750000015 0.086 -0.136 0.952 -2.412 0.275 -1.382
0.4823399590000008 0.093 -0.139 0.964 -2.489 -0.534 -1.313
0.494570834000001 0.077 -0.14 0.966 -2.908 -0.771 -1.313
0.5018199590000005 0.084 -0.135 0.964 -3.16 -0.542 -0.664
0.5141475420000017 0.091 -0.139 0.968 -3.458 -0.321 -0.282
0.5216260420000012 0.091 -0.135 0.956 -3.534 0.321 0.344
0.5339147920000009 0.085 -0.14 0.955 -3.26 0.817 0.0
0.5462393340000009 0.093 -0.141 0.96 -2.794 -0.053 -1.443
0.5537823750000008 0.098 -0.138 0.963 -3.153 0.511 -1.84
0.565935167000001 0.101 -0.125 0.961 -3.565 1.809 -1.145
0.5731840420000012 0.101 -0.111 0.95 -5.13 2.74 -1.282
0.5854193750000007 0.104 -0.115 0.948 -6.992 2.756 -2.031
0.5929369170000012 0.1 -0.119 0.965 -8.137 2.695 -3.229
0.6053448340000003 0.104 -0.12 0.969 -9.756 2.473 -4.26
0.6164764170000012 0.103 -0.137 0.975 -10.382 1.817 -5.107
0.625010167000001 0.098 -0.144 0.982 -10.542 0.916 -5.405
0.632126542 0.104 -0.144 0.997 -10.45 0.58 -5.519
0.6443482500000002 0.088 -0.13 1.026 -10.626 1.649 -3.985
0.6518820000000005 0.096 -0.11 1.021 -10.031 7.435 4.718
0.6639075840000004 0.101 -0.099 1.046 -11.084 3.061 -3.992
0.6761788340000017 0.102 -0.091 1.081 -13.351 1.802 -7.763
0.6832823340000012 0.171 -0.063 1.089 -11.931 3.153 -3.84
0.695682209000001 0.143 -0.079 1.214 -18.206 2.481 -8.076
0.7029817500000011 0.163 -0.085 1.296 -24.802 5.198 -6.252
0.7153394170000009 0.173 -0.124 1.334 -26.802 6.405 -6.534
0.7226440420000007 0.191 -0.165 1.405 -26.832 3.962 -5.496
0.7347962500000005 0.165 -0.173 1.463 -24.336 11.336 0.015
0.7421783340000001 0.138 -0.2 1.531 -17.107 20.74 7.71
0.7543128750000001 0.118 -0.217 1.614 -12.015 31.275 17.107
0.7616668340000015 0.109 -0.179 1.622 -2.389 39.84 25.046
0.7739482500000001 0.099 -0.121 1.589 1.809 40.252 25.481
0.7861738750000011 0.118 -0.057 1.544 3.229 35.84 18.992
0.7936712920000009 0.125 0.0 1.504 3.344 30.534 10.885
0.8058992090000014 0.121 -0.011 1.469 4.595 19.412 -5.122
0.8134694170000003 0.127 0.014 1.417 0.969 6.916 -16.779
0.8257358340000014 0.166 -0.019 1.351 -2.214 1.16 -13.305
0.8329569590000006 0.126 -0.112 1.375 -5.473 -8.763 -18.885
0.8449830420000009 0.069 -0.217 1.446 -2.214 -8.687 -23.618
0.8522579170000011 0.033 -0.216 1.457 -2.466 -2.374 -9.947
0.8647738340000011 0.0 -0.283 1.45 -3.748 5.252 1.939
0.87231025 0.051 -0.47 1.472 5.038 5.29 8.313
0.8847857090000009 0.004 -0.341 1.409 8.733 9.084 7.939
0.8923564590000002 0.002 -0.282 1.283 6.084 5.252 8.908
0.9045665420000013 0.015 -0.281 1.207 4.153 -0.137 4.611
0.9122327090000013 0.038 -0.286 1.175 -4.412 -3.496 6.16
0.9245037090000015 0.005 -0.319 1.162 -1.588 -2.115 10.244
0.9316535000000012 -0.069 -0.367 1.074 4.489 -0.771 13.435
0.9439551670000004 -0.02 -0.356 1.096 14.58 0.824 23.282
0.9559074170000006 -0.067 -0.413 1.094 30.344 2.313 25.802
0.963451709000001 -0.044 -0.428 1.028 46.038 0.031 21.221
0.9754907920000004 -0.014 -0.345 1.008 50.832 -8.908 17.397
0.9827898750000017 0.005 -0.293 0.944 56.191 -19.405 12.351
0.9947747920000012 0.002 -0.258 0.933 59.702 -26.901 10.336
1.0018165420000003 -0.004 -0.264 0.962 70.977 -29.71 0.489
1.0152002500000012 -0.007 -0.291 0.985 79.145 -24.122 -2.496
1.0261961250000002 0.033 -0.193 0.934 78.221 -24.153 -10.366
1.0334929170000002 0.053 -0.187 0.849 67.008 -29.542 -10.901
1.0454197920000006 0.04 -0.184 0.862 60.427 -34.015 -24.55
1.0524875000000016 0.047 -0.142 0.834 58.099 -36.374 -26.443
1.0648109170000009 0.044 -0.122 0.821 58.198 -36.405 -28.359
1.071363667 0.048 -0.098 0.766 56.817 -33.099 -28.359
1.0837216250000008 0.092 -0.059 0.739 50.885 -28.885 -31.321
1.0958971670000004 0.052 -0.083 0.713 46.168 -26.45 -21.748
1.1029271670000007 0.052 -0.06 0.708 49.412 -19.29 -10.603
1.1153239170000013 0.086 -0.084 0.679 45.183 -14.855 -2.931
1.1226132920000005 0.114 0.006 0.612 34.405 -20.0 -5.168
1.1346537090000002 0.128 0.088 0.552 20.305 -16.893 -15.412
1.141763709000001 0.125 0.128 0.571 14.015 -17.763 -14.511
1.1540722090000006 0.118 0.029 0.624 13.389 -18.282 -16.443
1.1599640000000004 0.102 0.003 0.69 20.153 -15.992 -14.702
1.1735909590000002 0.111 0.04 0.702 25.427 -7.878 -8.824
1.186068917 0.103 0.023 0.689 22.519 -4.458 -2.992
1.1934786670000008 0.12 0.063 0.689 17.832 -1.397 -0.863
1.2058125840000002 0.14 0.046 0.659 6.244 -0.802 -1.244
1.213280042000001 0.137 0.054 0.654 0.656 -2.244 -4.214
1.2257865840000015 0.129 0.059 0.68 -0.221 0.252 -3.588
1.2333113750000013 0.129 0.031 0.703 0.145 1.947 -0.618
1.2457642500000006 0.135 0.018 0.72 1.26 7.168 4.443
1.2532103340000003 0.138 -0.009 0.762 2.221 10.069 8.763
1.2655071670000009 0.127 -0.056 0.803 4.099 14.87 11.252
1.273007959000001 0.146 -0.054 0.803 4.603 14.282 11.504
1.2852400000000017 0.142 -0.012 0.739 0.183 9.908 8.649
1.2928903750000007 0.143 0.042 0.712 5.84 12.137 10.626
1.3054419590000013 0.129 0.052 0.751 2.29 11.031 4.221
1.3128564170000008 0.085 0.049 0.781 4.908 12.908 3.076
1.325266667000001 0.092 0.087 0.811 9.817 17.061 -1.427
1.3328487090000003 0.097 0.068 0.846 9.954 17.718 -3.031
1.3450177500000002 0.067 0.064 0.863 12.977 20.977 -2.053
1.3522457500000016 0.061 0.027 0.917 11.458 19.237 -3.626
1.3646502500000004 0.076 -0.013 0.911 6.695 14.29 -2.145
1.3720996250000006 0.078 -0.021 0.906 0.534 13.687 -1.809
1.3843048750000015 0.111 0.007 0.9 -5.328 13.756 5.71
1.3918710840000017 0.087 0.0 0.919 -10.42 8.916 7.473
1.4043543750000005 0.053 -0.011 0.955 -6.534 7.573 5.489
1.4117408340000015 0.064 -0.029 0.992 -0.099 11.557 9.267
1.4239298340000008 0.064 -0.036 0.982 6.328 17.282 16.366
1.4361351250000016 0.045 -0.032 0.959 11.473 16.901 18.542
1.4436758750000003 0.058 0.005 0.951 11.855 14.725 15.252
1.4558682090000001 0.054 0.03 0.938 1.901 4.855 11.779
1.4634143340000012 0.048 0.031 0.931 -1.336 -3.0 1.893
1.4756888750000012 0.054 0.043 0.931 -8.061 -8.076 -0.504
1.4832099170000017 0.055 0.031 0.95 -8.145 -8.237 -1.496
1.495429167000001 0.069 0.01 0.935 -8.275 -6.145 -1.847
1.5030214170000011 0.064 0.029 0.934 -5.115 -0.145 0.687
1.5155341670000002 0.075 0.01 0.952 -1.092 2.939 3.542
1.5230746250000013 0.082 0.015 0.918 2.275 1.595 3.901
1.5354297500000005 0.077 0.027 0.92 4.885 0.672 2.206
1.5429274170000014 0.092 0.04 0.902 -1.221 -2.45 1.313
1.5554632500000007 0.085 0.041 0.893 -8.168 -6.695 0.466
1.5627883340000004 0.1 0.056 0.903 -11.397 -8.656 -1.0
1.5750354170000005 0.062 0.076 0.884 -15.191 -7.763 -3.779
1.5822997090000008 0.051 0.058 0.907 -13.947 -6.053 -2.13
1.5945357090000005 0.065 0.015 0.919 -6.145 -3.634 -0.45
1.6021814170000006 0.078 -0.005 0.91 3.573 0.282 2.702
1.6146558750000004 0.093 -0.009 0.939 11.496 5.679 4.992
1.6221626250000014 0.11 0.027 0.917 11.947 7.733 6.519
1.6345958340000006 0.11 0.068 0.905 9.641 5.954 4.74
1.6420452920000006 0.108 0.093 0.919 2.237 -0.664 2.321
1.6546249590000013 0.096 0.069 0.932 -5.466 -6.038 0.328
1.6618629590000005 0.089 0.044 0.969 -8.817 -6.137 0.794
1.674515125000001 0.085 0.016 0.992 -6.534 -1.855 3.313
1.6818814590000013 0.095 0.0 0.971 -0.87 4.42 6.214
1.6943168750000002 0.089 -0.004 0.978 5.534 7.397 7.153
1.702103375 0.094 0.016 0.979 5.351 7.588 6.885
1.714551792 0.094 0.029 0.987 4.565 6.542 6.237
1.722059917000001 0.093 0.059 0.943 3.626 3.939 1.779
1.734576917 0.094 0.087 0.957 0.237 0.985 -0.191
1.742302875 0.079 0.055 0.988 1.053 1.389 0.305
1.7547930000000012 0.074 0.049 0.974 4.771 3.183 2.74
1.7622841250000008 0.072 0.028 1.0 5.794 4.649 3.466
1.7747842920000014 0.081 0.013 1.011 4.45 6.74 6.359
1.782520250000001 0.078 0.011 0.994 1.908 5.771 7.649
1.794979542 0.079 0.026 0.992 2.389 5.466 6.817
1.8027309170000017 0.086 0.019 0.964 0.061 2.008 2.435
1.8149987500000009 0.094 0.039 0.948 -2.168 -2.282 -2.947
1.8225690840000013 0.085 0.047 0.951 -0.275 -3.977 -5.679
1.8348988750000004 0.089 0.053 0.971 3.183 -2.733 -6.733
1.8422898340000007 0.085 0.079 0.96 6.313 2.061 -4.008
1.8547770420000003 0.082 0.07 0.982 8.481 7.008 0.198
1.8624850420000012 0.093 0.058 0.992 6.153 9.122 3.023
1.8749840420000012 0.088 0.077 0.99 2.015 7.061 4.664
1.8825654170000004 0.081 0.08 0.964 -4.718 3.351 3.618
1.8950347920000006 0.075 0.064 0.956 -6.145 0.573 1.328
1.9023024590000013 0.082 0.056 0.946 -7.916 -1.931 -1.618
1.9145833750000012 0.09 0.063 0.932 -10.16 -5.0 -3.939
1.922095584000001 0.085 0.034 0.956 -9.298 -6.16 -6.282
1.934544584000001 0.081 0.024 0.979 -5.954 -4.328 -5.771
1.9416530840000004 0.103 0.026 0.971 -3.031 -0.137 -0.656
1.9539605420000008 0.086 0.032 0.993 -4.084 -2.344 -1.397
1.960078084000001 0.084 0.039 0.991 -5.817 -3.198 0.069
1.9736360000000008 0.089 0.037 0.988 -10.931 -4.374 1.107
1.985938625000001 0.081 0.026 0.989 -12.595 -5.397 1.656
1.9934470000000015 0.075 0.026 0.99 -12.435 -4.878 3.107
2.0056777500000003 0.082 0.019 1.0 -12.046 -3.802 4.397
