Time AX AY AZ GX GY GZ
0.00752 0.058 0.076 0.926 -3.405 -2.779 0.84
0.019716 0.062 0.066 0.925 -5.206 -4.641 -0.672
0.031774 0.065 0.072 0.932 -6.229 -4.397 -1.573
0.039329 0.063 0.072 0.924 -7.115 -3.802 -1.618
0.051428 0.065 0.082 0.92 -8.412 -4.092 -1.115
0.058828 0.071 0.083 0.905 -9.908 -4.076 -1.908
0.070781 0.073 0.091 0.904 -11.573 -4.473 -2.198
0.077813 0.067 0.084 0.911 -12.931 -6.733 -4.214
0.090445 0.063 0.077 0.902 -14.229 -8.855 -5.71
0.097413 0.062 0.076 0.9 -15.481 -11.695 -6.595
0.109506 0.065 0.078 0.877 -17.878 -10.687 -6.473
0.121669 0.081 0.074 0.86 -21.115 -8.244 -4.473
0.12867 0.077 0.08 0.837 -25.618 -4.824 -0.122
0.141178 0.075 0.069 0.857 -30.351 -3.267 3.618
0.148549 0.082 0.067 0.847 -34.427 -2.321 4.916
0.160373 0.075 0.051 0.874 -38.0 -1.771 6.763
0.167557 0.073 0.034 0.899 -40.382 -2.656 8.244
0.180129 0.076 0.009 0.906 -41.649 -3.16 7.344
0.18712 0.092 -0.017 0.923 -42.29 -4.26 5.527
0.199766 0.126 -0.01 0.904 -42.611 -4.031 2.809
0.211964 0.114 -0.03 0.911 -44.244 -3.359 3.16
0.218996 0.102 -0.039 0.921 -46.626 -3.298 4.366
0.230934 0.102 -0.073 0.937 -48.656 -5.008 5.145
0.238258 0.112 -0.1 0.968 -49.634 -4.183 5.221
0.250453 0.106 -0.116 0.97 -50.275 -1.053 7.74
0.257611 0.111 -0.138 0.995 -50.092 0.931 11.603
0.269559 0.085 -0.167 1.023 -49.191 1.099 11.802
0.281817 0.106 -0.173 1.046 -46.397 -0.137 11.038
0.288832 0.099 -0.184 1.034 -44.824 -0.153 10.458
0.301099 0.094 -0.178 1.017 -43.328 -0.427 10.473
0.307987 0.096 -0.185 1.03 -42.84 -0.519 9.954
0.320303 0.094 -0.183 1.006 -41.939 0.534 12.0
0.327341 0.11 -0.198 1.042 -41.557 2.168 11.084
0.339793 0.087 -0.193 1.012 -41.511 3.481 14.58
0.345324 0.086 -0.198 1.027 -43.435 4.473 14.107
0.358986 0.095 -0.201 1.002 -44.641 6.779 16.107
0.371394 0.079 -0.218 1.024 -46.611 9.71 19.389
0.378297 0.062 -0.25 1.026 -46.427 7.985 17.664
0.390708 0.086 -0.271 1.063 -46.076 7.924 17.053
0.397716 0.117 -0.299 1.065 -44.046 10.275 19.13
0.409778 0.118 -0.304 1.076 -41.023 11.756 20.702
0.416765 0.129 -0.318 1.077 -37.725 11.053 16.397
0.429081 0.127 -0.34 1.08 -34.748 9.71 13.527
0.441267 0.128 -0.324 1.063 -32.26 9.099 14.183
0.448509 0.123 -0.346 1.069 -29.863 5.893 8.794
0.460728 0.122 -0.326 1.067 -27.573 4.763 8.244
0.467981 0.146 -0.331 1.067 -25.16 4.702 6.382
0.480392 0.145 -0.298 1.025 -22.916 7.878 8.504
0.487418 0.108 -0.32 1.014 -22.275 6.092 6.672
0.499713 0.11 -0.311 1.008 -21.924 5.466 4.382
0.506674 0.104 -0.319 1.006 -21.908 2.229 0.229
0.51924 0.125 -0.316 0.998 -20.687 2.031 -0.107
0.531546 0.126 -0.304 0.985 -20.153 4.534 1.542
0.538864 0.119 -0.323 0.996 -18.87 3.084 -2.198
0.551036 0.103 -0.288 0.943 -19.145 5.237 0.626
0.558003 0.069 -0.311 0.943 -20.26 2.305 -0.076
0.570546 0.097 -0.3 0.921 -22.183 0.092 -1.206
0.57757 0.125 -0.327 0.895 -26.198 -2.687 -6.031
0.589908 0.191 -0.313 0.846 -30.626 -4.58 -9.267
0.595459 0.132 -0.309 0.812 -37.649 -12.137 -8.153
0.608827 0.128 -0.314 0.907 -42.931 -16.794 -14.885
0.62082 0.096 -0.309 0.93 -45.985 -18.351 -17.756
0.627459 0.094 -0.326 0.956 -45.511 -23.817 -20.183
0.64002 0.096 -0.358 0.999 -43.084 -19.13 -18.748
0.651824 0.085 -0.363 1.015 -38.947 -12.275 -9.466
0.658626 0.091 -0.368 1.0 -35.542 -5.16 -4.824
0.670901 0.112 -0.38 0.965 -32.809 0.55 -2.366
0.677847 0.121 -0.379 0.924 -33.618 6.84 2.031
0.690453 0.104 -0.393 0.907 -35.908 8.504 5.588
0.697472 0.103 -0.412 0.922 -37.908 6.519 4.397
0.709882 0.101 -0.451 0.9 -37.374 4.656 1.023
0.716893 0.11 -0.448 0.965 -36.504 -1.267 -2.87
0.729198 0.12 -0.449 0.99 -33.008 -0.824 -5.023
0.741435 0.153 -0.467 0.984 -30.122 -6.809 -8.885
0.748879 0.132 -0.469 0.99 -26.122 -3.588 -10.076
0.760515 0.104 -0.478 0.993 -21.557 -2.931 -6.809
0.767275 0.107 -0.488 0.995 -18.107 -0.458 -6.122
0.779629 0.119 -0.495 0.975 -15.115 1.42 -4.947
0.785286 0.103 -0.505 0.992 -12.137 1.557 -2.504
0.799201 0.084 -0.51 1.015 -8.168 2.107 -1.496
0.811333 0.093 -0.503 1.015 -4.107 2.076 0.473
0.818645 0.101 -0.493 0.993 -1.038 2.672 1.084
0.831222 0.148 -0.484 0.948 -0.336 6.198 0.412
0.83848 0.145 -0.456 0.917 -1.13 8.84 0.55
0.850926 0.128 -0.457 0.906 -3.206 8.992 -1.191
0.858006 0.134 -0.47 0.916 -3.908 10.641 -3.802
0.870093 0.133 -0.44 0.914 -4.702 14.534 -1.176
0.877216 0.096 -0.432 0.906 -4.977 15.45 -1.069
0.889741 0.082 -0.421 0.895 -4.198 15.954 0.901
0.901802 0.044 -0.402 0.89 -4.0 9.237 -0.855
0.9092 0.07 -0.404 0.885 -4.458 3.053 -3.115
0.921402 0.098 -0.389 0.862 -5.511 0.977 -3.359
0.928667 0.136 -0.389 0.838 -6.076 0.962 -5.221
0.941186 0.129 -0.381 0.82 -8.656 4.031 -3.206
0.948507 0.137 -0.393 0.811 -11.603 7.832 -2.702
0.960423 0.104 -0.4 0.817 -15.023 7.053 -1.573
0.967604 0.11 -0.427 0.838 -17.618 7.771 -0.137
0.979734 0.09 -0.465 0.884 -18.824 8.458 2.534
0.987674 0.086 -0.489 0.929 -17.206 7.939 5.405
0.999243 0.067 -0.519 0.964 -13.527 6.473 5.893
1.011619 0.091 -0.525 0.965 -9.237 2.58 3.908
1.018899 0.111 -0.522 0.956 -4.076 0.763 0.519
1.031538 0.133 -0.51 0.948 -1.359 -0.031 -2.137
1.038606 0.135 -0.492 0.919 -0.611 -0.382 -4.412
1.050677 0.132 -0.495 0.923 -1.084 0.015 -6.153
1.057797 0.125 -0.489 0.926 -2.153 1.908 -4.305
1.070201 0.099 -0.507 0.963 -2.305 2.718 -2.641
1.077194 0.103 -0.518 0.982 -1.053 4.427 -1.267
1.089797 0.106 -0.526 1.002 0.885 6.397 0.55
1.096909 0.1 -0.529 1.001 4.351 7.542 0.565
1.109538 0.101 -0.542 1.009 8.504 5.313 0.55
1.11542 0.101 -0.54 0.985 12.107 5.145 -0.656
1.12953 0.123 -0.535 0.983 14.641 1.985 -4.55
1.141802 0.121 -0.533 0.972 16.962 -0.244 -9.42
1.149831 0.126 -0.559 0.995 19.328 -4.931 -14.26
1.16111 0.143 -0.559 1.004 22.092 -4.0 -14.809
1.168016 0.15 -0.564 1.012 25.71 -3.252 -14.947
1.180059 0.149 -0.541 0.995 28.595 -1.16 -14.397
1.187699 0.14 -0.536 0.99 31.282 -1.786 -16.763
1.200353 0.137 -0.519 0.973 33.832 -1.191 -17.725
1.211728 0.115 -0.522 0.974 34.351 0.198 -16.061
1.218704 0.118 -0.521 0.984 35.16 1.084 -12.473
1.231282 0.137 -0.508 0.975 38.076 2.55 -11.42
1.237892 0.137 -0.51 1.0 41.359 0.336 -14.611
1.250342 0.136 -0.519 1.01 45.786 -1.832 -18.031
1.257401 0.154 -0.512 1.004 50.107 -4.26 -22.076
1.269416 0.147 -0.497 0.988 53.985 -6.443 -25.832
1.281585 0.11 -0.482 0.978 56.305 -6.702 -25.252
1.288807 0.113 -0.448 0.943 56.718 -2.718 -21.344
1.301285 0.109 -0.431 0.935 57.511 -5.252 -20.87
1.308163 0.149 -0.402 0.901 55.328 1.13 -16.092
1.32008 0.147 -0.393 0.901 54.153 4.397 -13.069
1.327527 0.151 -0.394 0.919 52.412 4.931 -10.656
1.339615 0.143 -0.387 0.92 50.977 7.008 -8.55
1.352116 0.133 -0.373 0.934 50.473 3.969 -9.634
1.358936 0.128 -0.381 0.96 51.481 2.992 -11.237
1.371364 0.148 -0.349 0.935 51.069 4.076 -10.58
1.378719 0.158 -0.327 0.931 50.58 3.664 -11.588
1.390653 0.148 -0.325 0.937 49.863 5.359 -9.603
1.398232 0.108 -0.321 0.946 50.672 5.191 -8.611
1.410061 0.13 -0.298 0.949 50.443 4.397 -8.885
1.417135 0.125 -0.284 0.945 50.626 5.267 -6.794
1.430166 0.102 -0.281 0.957 50.611 5.099 -2.595
1.442338 0.134 -0.237 0.948 49.466 7.511 -2.916
1.449497 0.128 -0.244 0.916 48.29 8.0 -2.565
1.461652 0.149 -0.226 0.927 45.695 8.916 -0.626
1.468536 0.154 -0.185 0.92 43.786 9.435 -1.038
1.481201 0.132 -0.187 0.925 40.901 9.969 -0.702
1.488226 0.127 -0.182 0.94 39.145 10.153 0.519
1.50105 0.129 -0.178 0.941 36.809 11.618 2.443
1.508172 0.139 -0.167 0.935 34.473 13.206 4.122
1.520354 0.134 -0.172 0.955 33.008 13.557 3.634
1.527225 0.129 -0.166 0.966 32.076 15.74 5.908
1.539595 0.12 -0.163 0.973 31.282 16.397 6.916
1.551775 0.119 -0.165 0.969 30.748 15.969 6.305
1.55907 0.138 -0.157 0.957 29.542 17.786 8.137
1.571135 0.125 -0.161 0.964 28.901 17.481 8.565
1.578391 0.114 -0.157 0.96 28.076 17.45 8.397
1.590754 0.094 -0.153 0.955 27.374 15.389 7.542
1.597914 0.127 -0.16 0.979 26.275 12.702 4.626
1.610222 0.144 -0.161 0.968 25.649 14.702 5.481
1.617389 0.128 -0.164 0.983 25.588 16.58 7.267
1.629604 0.117 -0.162 0.998 25.893 16.748 6.779
1.636955 0.116 -0.155 0.986 26.473 15.221 5.588
1.649291 0.13 -0.13 0.977 26.87 15.527 1.588
1.6616 0.125 -0.126 0.966 27.802 11.832 -4.229
1.668654 0.115 -0.115 0.966 27.008 9.939 -5.939
1.681128 0.101 -0.108 0.973 25.893 7.573 -8.473
1.688117 0.105 -0.106 0.964 24.779 6.153 -10.718
1.700319 0.113 -0.105 0.968 23.13 8.748 -10.58
1.707577 0.095 -0.099 0.962 22.092 10.229 -9.405
1.719888 0.089 -0.096 0.969 20.901 11.038 -6.947
1.727171 0.082 -0.09 0.972 20.183 12.733 -5.405
1.739399 0.066 -0.093 0.975 19.298 13.176 -4.183
1.751443 0.081 -0.096 0.976 18.336 13.603 -1.221
1.758542 0.091 -0.084 0.985 17.969 14.656 -0.962
1.770911 0.07 -0.096 0.972 17.13 15.206 0.55
1.777885 0.084 -0.101 0.973 17.298 14.153 0.992
1.790882 0.06 -0.104 0.977 17.634 12.84 1.313
1.79754 0.069 -0.108 0.986 17.221 10.107 0.412
1.810041 0.083 -0.114 0.989 18.061 7.908 -3.557
1.816855 0.07 -0.115 1.003 18.366 7.176 -1.863
1.829451 0.096 -0.117 1.02 19.878 6.809 -4.076
1.842077 0.081 -0.104 1.022 20.84 7.053 -4.336
1.849156 0.09 -0.092 1.012 22.214 6.87 -7.466
1.861238 0.084 -0.085 1.003 22.611 8.305 -8.977
1.868535 0.085 -0.078 0.986 20.885 8.244 -8.977
1.880806 0.071 -0.069 0.996 20.076 8.992 -7.603
1.888122 0.059 -0.065 1.001 18.809 9.878 -7.145
1.900135 0.065 -0.062 1.009 18.504 10.092 -6.824
1.908565 0.062 -0.062 0.994 18.595 9.023 -7.893
1.919625 0.053 -0.06 1.005 19.313 9.374 -7.496
1.925125 -0.0 -0.068 1.011 19.237 8.656 -4.87
1.939248 0.057 -0.051 0.997 19.298 6.046 -7.45
1.95143 0.051 -0.057 0.998 18.321 8.672 -3.786
1.958964 0.058 -0.039 0.998 19.328 10.733 -0.137
1.970941 0.047 -0.048 1.005 19.832 10.824 -2.153
1.977975 0.039 -0.052 1.01 20.397 8.87 -1.756
1.990511 0.046 -0.044 1.001 20.382 9.588 -0.763
1.997504 0.042 -0.033 1.0 20.397 9.893 0.214
