Time AX AY AZ GX GY GZ
2e-06 0.082 -0.007 1.014 -32.901 -3.939 -5.527
0.012973 0.115 0.017 0.954 -33.099 -4.519 -9.252
0.024972 0.128 0.031 0.936 -37.603 -8.321 -14.214
0.031839 0.105 0.021 0.946 -42.153 -5.679 -11.298
0.043975 0.055 -0.006 0.958 -44.061 -10.382 -11.71
0.051074 0.097 -0.076 0.905 -42.702 -16.321 -10.366
0.062657 0.123 -0.053 1.03 -50.519 -5.328 -0.763
0.074932 0.117 -0.062 1.059 -46.687 6.046 5.252
0.082271 0.092 -0.09 1.093 -42.382 11.969 10.87
0.094425 0.064 -0.096 1.081 -37.145 11.053 10.992
0.101419 0.052 -0.093 1.059 -33.405 5.237 6.718
0.113682 0.069 -0.076 1.006 -31.282 -3.344 -0.382
0.120948 0.076 -0.049 0.941 -32.229 -17.511 -6.031
0.132743 0.138 -0.044 0.927 -36.626 -9.328 -13.649
0.144903 0.037 -0.097 0.834 -37.985 -12.076 -12.229
0.152 0.122 -0.031 0.908 -44.29 -8.229 -4.87
0.164043 0.075 -0.037 0.904 -45.603 -17.847 -7.298
0.170682 0.108 -0.107 0.945 -53.206 -13.557 -6.26
0.182917 0.093 -0.129 0.992 -48.198 -0.977 3.71
0.190166 0.082 -0.143 1.023 -44.687 6.26 11.588
0.202331 0.052 -0.156 1.021 -41.664 4.458 10.137
0.215059 0.084 -0.166 0.981 -40.153 3.16 8.489
0.221688 0.115 -0.162 0.937 -41.221 2.031 7.924
0.234451 0.11 -0.151 0.912 -43.344 -1.405 2.275
0.241303 0.117 -0.159 0.941 -46.031 -2.702 -0.962
0.253339 0.152 -0.171 0.933 -51.069 -0.29 -1.542
0.25988 0.102 -0.222 0.939 -56.458 1.053 5.466
0.272437 0.166 -0.226 0.98 -58.718 -7.725 3.359
0.284684 0.139 -0.309 1.014 -53.618 3.664 6.244
0.291999 0.102 -0.285 1.091 -50.702 4.366 10.55
0.304329 0.126 -0.287 1.089 -46.382 7.206 9.359
0.311318 0.109 -0.293 1.061 -42.916 5.771 8.443
0.323876 0.14 -0.272 1.007 -41.771 2.84 3.695
0.330809 0.149 -0.267 0.959 -42.26 2.611 1.74
0.343217 0.16 -0.268 0.946 -46.718 3.74 2.122
0.350326 0.086 -0.268 0.919 -51.176 0.779 9.145
0.362925 0.142 -0.308 0.89 -47.45 2.595 9.863
0.369811 0.087 -0.263 0.944 -56.458 3.053 13.908
0.382425 0.094 -0.269 0.97 -60.305 6.366 18.244
0.394592 0.1 -0.286 0.992 -60.412 13.359 23.328
0.401622 0.09 -0.328 1.022 -58.87 18.015 27.176
0.413918 0.127 -0.359 1.04 -56.412 18.687 30.992
0.42061 0.165 -0.416 1.054 -54.977 22.351 25.908
0.433314 0.185 -0.493 1.053 -51.176 21.725 23.313
0.440043 0.241 -0.503 1.046 -48.122 27.298 19.893
0.452212 0.209 -0.505 1.08 -46.87 36.504 20.061
0.46464 0.12 -0.516 1.106 -41.008 37.649 18.702
0.471469 0.04 -0.498 1.113 -34.58 36.046 20.855
0.484397 0.014 -0.474 1.09 -29.878 30.565 18.794
0.490895 0.007 -0.48 1.037 -25.511 30.153 10.702
0.502574 0.048 -0.327 0.986 -23.878 30.809 11.618
0.514735 0.053 -0.387 0.938 -26.351 22.656 9.939
0.521698 0.061 -0.383 0.921 -28.26 23.832 14.947
0.534063 0.042 -0.408 0.915 -30.076 18.962 9.924
0.541014 0.04 -0.428 0.882 -34.168 23.206 11.969
0.553275 -0.029 -0.466 0.89 -37.893 25.45 21.084
0.560253 0.023 -0.453 0.919 -35.084 24.122 15.603
0.572492 -0.012 -0.458 0.92 -34.443 32.412 22.168
0.58451 -0.043 -0.464 0.916 -32.809 34.366 23.359
0.591472 -0.031 -0.463 0.906 -32.061 39.328 25.084
0.603541 -0.04 -0.447 0.886 -32.748 39.634 24.901
0.610625 -0.011 -0.457 0.866 -34.26 38.809 19.924
0.622732 -0.017 -0.461 0.883 -34.015 36.718 17.069
0.634866 -0.033 -0.477 0.907 -33.664 30.763 11.405
0.641476 -0.03 -0.505 0.932 -32.092 23.954 1.954
0.6539 -0.042 -0.527 0.965 -27.023 19.481 -1.908
0.66094 -0.079 -0.552 0.994 -20.794 15.099 -5.435
0.672829 -0.088 -0.585 1.008 -14.427 7.16 -10.672
0.679949 -0.064 -0.59 1.019 -6.183 3.985 -8.916
0.692109 -0.051 -0.598 1.045 -0.473 1.573 -7.527
0.704426 -0.05 -0.59 1.045 2.748 -1.924 -11.237
0.711419 -0.033 -0.589 1.039 8.107 -4.916 -11.374
0.723665 -0.01 -0.584 1.023 11.756 -7.511 -14.656
0.730469 0.008 -0.552 1.007 13.786 -10.321 -18.275
0.742537 0.029 -0.553 0.996 15.466 -11.282 -21.573
0.754985 0.016 -0.538 1.0 16.885 -10.519 -20.824
0.761738 0.015 -0.523 1.008 18.763 -10.427 -17.099
0.774034 0.019 -0.527 0.992 20.412 -8.092 -18.412
0.781082 0.017 -0.551 1.011 22.137 -5.252 -12.611
0.792986 -0.004 -0.543 1.029 26.153 -5.069 -11.71
0.800496 0.0 -0.572 1.054 31.603 -8.855 -14.031
0.812594 -0.002 -0.576 1.022 37.16 -14.427 -17.267
0.824221 0.023 -0.575 1.016 41.679 -17.298 -21.786
0.830911 -0.043 -0.547 1.038 45.313 -23.267 -22.137
0.843023 0.008 -0.579 1.034 49.649 -29.344 -29.328
0.849733 -0.004 -0.516 0.974 50.626 -24.626 -26.015
0.861869 -0.004 -0.492 0.956 49.893 -20.779 -23.618
0.873927 0.016 -0.449 0.925 50.29 -21.389 -19.511
0.880782 0.044 -0.418 0.917 47.863 -16.855 -20.321
0.893203 0.022 -0.444 0.957 47.847 -14.076 -14.84
0.89978 0.042 -0.433 0.976 48.0 -13.679 -15.496
0.912194 0.029 -0.449 0.996 49.328 -11.847 -15.023
0.924002 0.056 -0.433 1.012 53.42 -18.58 -22.153
0.931092 0.056 -0.432 0.984 54.046 -20.183 -25.267
0.943138 0.05 -0.438 1.001 55.16 -25.374 -27.71
0.95021 0.053 -0.407 1.007 56.351 -27.939 -32.458
0.962257 0.041 -0.388 0.972 57.267 -23.16 -28.595
0.974409 0.066 -0.353 0.949 56.748 -15.069 -19.908
0.981149 0.05 -0.348 0.953 55.832 -7.863 -12.107
0.993425 0.056 -0.355 0.97 55.267 -3.924 -4.779
1.000482 0.083 -0.357 0.973 55.496 -3.328 -4.702
1.013224 0.121 -0.35 0.994 55.802 -3.786 -6.443
1.020112 0.118 -0.361 0.995 56.84 -5.313 -7.71
1.032225 0.104 -0.339 1.019 59.267 -11.802 -13.45
1.044405 0.12 -0.326 0.979 60.031 -16.244 -21.954
1.051189 0.108 -0.313 0.968 60.733 -18.687 -22.458
1.063752 0.112 -0.291 0.984 60.855 -19.298 -23.756
1.070447 0.105 -0.267 0.955 61.42 -17.359 -22.031
1.083046 0.112 -0.225 0.956 60.687 -12.901 -17.374
1.09471 0.104 -0.211 0.957 60.015 -8.718 -12.595
1.101616 0.108 -0.205 0.942 59.45 -6.504 -9.435
1.113773 0.121 -0.194 0.948 59.176 -6.916 -9.695
1.121059 0.138 -0.169 0.948 58.458 -11.405 -10.092
1.133016 0.156 -0.154 0.97 53.481 -4.718 -14.656
1.141912 0.127 -0.175 0.94 55.176 -8.244 -15.374
1.152238 0.123 -0.155 0.939 52.992 -8.748 -14.229
1.164856 0.139 -0.134 0.927 51.557 -9.863 -17.206
1.171261 0.138 -0.125 0.918 48.29 -5.985 -15.038
1.18413 0.125 -0.117 0.938 46.489 -2.397 -9.939
1.191168 0.117 -0.117 0.954 44.626 0.931 -6.229
1.203213 0.118 -0.12 0.97 44.611 2.107 -2.656
1.210129 0.127 -0.124 0.985 44.153 3.542 0.687
1.222624 0.144 -0.146 0.987 44.382 2.229 -0.55
1.235194 0.16 -0.111 0.978 43.878 1.099 -5.069
1.242098 0.157 -0.115 1.037 41.618 -3.084 -6.977
1.25456 0.171 -0.149 1.031 47.466 -4.275 -10.809
1.26131 0.155 -0.128 1.042 51.16 -5.771 -10.672
1.274068 0.15 -0.106 1.027 54.061 -6.198 -13.313
1.28069 0.125 -0.094 1.015 55.695 -4.55 -11.908
1.293108 0.119 -0.049 0.98 56.504 -3.756 -8.092
1.305379 0.116 -0.021 0.957 55.832 -3.069 -4.504
1.312326 0.131 -0.018 0.937 52.992 0.611 -1.511
1.324616 0.168 -0.01 0.927 50.763 2.626 0.107
1.332399 0.168 -0.022 0.932 48.015 4.947 -0.565
1.344074 0.151 -0.029 0.983 47.069 5.191 -0.153
1.351496 0.129 -0.029 0.99 46.885 3.542 -0.534
1.363924 0.14 -0.017 0.999 48.031 -0.687 -4.84
1.370686 0.141 -0.027 1.001 50.214 -2.504 -5.481
1.382945 0.155 0.008 0.993 51.649 -3.786 -7.527
1.39057 0.146 0.026 0.969 51.908 -5.099 -9.985
1.403014 0.144 0.037 0.945 51.771 -6.137 -10.58
1.414813 0.149 0.064 0.927 50.641 -6.977 -12.351
1.422338 0.145 0.051 0.948 47.969 -5.557 -9.725
1.434231 0.167 0.078 0.935 46.901 -5.389 -11.71
1.441751 0.146 0.078 0.924 45.237 -5.511 -13.588
1.453763 0.173 0.085 0.94 44.427 -3.267 -10.656
1.460648 0.145 0.083 0.962 44.397 -2.122 -9.176
1.473224 0.134 0.084 0.987 44.947 -1.466 -6.718
1.480128 0.125 0.098 0.992 46.977 -3.878 -9.45
1.492592 0.129 0.099 0.97 47.298 -7.542 -10.733
1.505068 0.173 0.131 0.943 47.023 -7.313 -12.26
1.511857 0.163 0.15 0.942 46.809 -7.099 -12.595
1.524432 0.159 0.179 0.914 44.168 -4.947 -10.947
1.531288 0.137 0.201 0.895 41.481 -3.863 -10.26
1.543776 0.149 0.201 0.894 38.26 -1.878 -8.779
1.55082 0.144 0.211 0.884 35.16 -0.031 -6.122
1.563462 0.154 0.205 0.909 33.466 1.847 -5.115
1.570198 0.14 0.197 0.919 31.878 3.695 -3.176
1.583029 0.147 0.205 0.929 32.046 3.221 -3.328
1.595148 0.152 0.203 0.934 30.931 1.969 -3.176
1.602405 0.161 0.215 0.944 30.321 1.13 -4.489
1.614884 0.15 0.228 0.977 27.924 1.359 -4.779
1.622166 0.135 0.192 0.925 29.16 1.74 -5.42
1.634674 0.137 0.212 0.947 29.771 -3.084 -6.076
1.64156 0.189 0.227 0.929 27.756 -3.908 -8.305
1.654065 0.179 0.237 0.933 26.351 -2.275 -7.038
1.660985 0.172 0.234 0.934 25.664 -1.74 -7.802
1.673837 0.163 0.249 0.951 24.656 -1.099 -7.42
1.680508 0.163 0.233 0.945 24.565 0.061 -6.931
1.692845 0.17 0.248 0.924 23.099 2.153 -4.947
1.699967 0.187 0.239 0.957 22.397 3.969 -3.496
1.712514 0.166 0.229 0.959 22.962 5.511 -2.809
1.718059 0.139 0.217 0.962 23.191 5.176 -2.198
1.731974 0.141 0.238 0.984 26.382 2.214 -0.672
1.744648 0.149 0.241 0.948 27.908 -0.092 -4.748
1.75172 0.192 0.277 0.93 26.656 -0.504 -4.672
1.764067 0.186 0.283 0.91 25.466 0.687 -4.26
1.77133 0.18 0.29 0.897 23.267 0.977 -6.565
1.783733 0.177 0.301 0.905 20.565 0.168 -5.878
1.790939 0.165 0.296 0.92 19.542 -1.252 -7.802
1.803393 0.159 0.294 0.941 19.847 -4.244 -8.305
1.810716 0.152 0.291 0.935 20.977 -5.985 -9.954
1.82286 0.153 0.302 0.917 21.282 -6.611 -10.336
1.829754 0.17 0.316 0.872 20.351 -5.908 -9.695
1.842304 0.182 0.345 0.845 18.351 -3.511 -7.756
1.854891 0.196 0.348 0.845 16.366 -2.076 -6.962
1.86181 0.179 0.363 0.825 14.336 0.061 -7.74
1.874226 0.146 0.373 0.811 11.023 -0.702 -5.42
1.881482 0.141 0.404 0.767 5.344 -3.115 -6.794
1.893929 0.177 0.396 0.77 -0.962 -2.748 -6.275
1.901015 0.181 0.391 0.778 -5.71 0.153 -3.664
1.913659 0.169 0.367 0.807 -9.573 3.221 -0.962
1.920758 0.186 0.355 0.838 -12.534 6.565 2.092
1.933019 0.193 0.348 0.847 -14.702 8.168 3.099
1.940764 0.174 0.316 0.878 -15.985 7.298 3.313
1.952912 0.169 0.298 0.912 -16.015 5.573 2.84
1.960331 0.157 0.288 0.925 -14.931 3.008 2.107
1.972966 0.153 0.291 0.92 -13.664 1.954 1.389
1.97845 0.167 0.299 0.895 -13.588 1.649 0.687
1.99256 0.156 0.305 0.876 -14.718 0.504 0.992
