AX,AY,AZ,GX,GY,GZ
0.067,0.166,1.212,-101.595,21.939,-38.534
0.156,0.143,1.234,-100.618,23.229,-35.023
0.215,0.109,1.250,-99.634,28.489,-35.473
0.251,0.082,1.296,-95.588,34.420,-39.214
0.229,0.080,1.287,-90.809,42.718,-45.137
0.177,0.089,1.310,-86.611,45.718,-50.412
0.104,0.092,1.324,-83.618,41.603,-52.664
0.062,0.095,1.334,-81.046,36.046,-51.763
0.073,0.102,1.334,-79.557,31.359,-48.718
0.109,0.106,1.341,-78.130,28.450,-45.511
0.163,0.079,1.353,-75.588,29.924,-44.496
0.189,0.065,1.350,-72.840,33.145,-45.489
0.184,0.053,1.388,-69.183,35.649,-46.084
0.167,0.043,1.387,-64.756,38.160,-46.893
0.126,0.032,1.412,-61.153,36.351,-48.573
0.091,0.028,1.431,-57.618,31.092,-50.802
0.066,0.021,1.430,-54.107,26.221,-51.481
0.081,0.028,1.418,-50.924,23.145,-49.878
0.104,0.032,1.385,-48.870,25.214,-48.145
0.114,0.026,1.385,-46.580,28.939,-47.198
0.119,0.026,1.370,-45.061,33.214,-45.939
0.118,0.030,1.361,-43.977,36.412,-44.420
0.094,0.008,1.374,-40.847,38.183,-44.603
0.048,0.003,1.385,-38.176,35.130,-44.450
0.013,-0.006,1.406,-35.336,28.229,-42.847
0.026,-0.024,1.400,-32.160,24.092,-39.710
0.076,-0.052,1.409,-28.221,21.733,-37.695
0.128,-0.050,1.394,-23.908,21.603,-38.947
0.144,-0.031,1.362,-21.496,24.649,-40.252
0.144,-0.016,1.341,-20.130,27.992,-40.611
0.129,-0.018,1.319,-18.870,29.565,-40.153
0.132,-0.028,1.311,-18.023,31.137,-40.031
0.128,-0.031,1.310,-16.794,30.511,-40.214
0.117,-0.040,1.322,-14.641,29.588,-41.351
0.121,-0.049,1.318,-12.115,26.740,-42.557
0.102,-0.054,1.297,-10.458,23.679,-43.260
0.100,-0.053,1.279,-8.908,21.351,-43.389
0.107,-0.059,1.265,-7.290,20.366,-43.427
0.119,-0.049,1.262,-6.382,20.626,-43.649
0.134,-0.043,1.224,-6.015,22.763,-44.450
0.122,-0.041,1.214,-5.573,24.580,-45.000
0.106,-0.048,1.223,-5.115,25.061,-44.962
0.090,-0.053,1.233,-4.160,23.786,-44.870
0.092,-0.072,1.215,-2.214,22.305,-45.023
0.091,-0.065,1.210,-1.366,20.817,-45.137
0.096,-0.058,1.197,-0.405,20.679,-45.298
0.089,-0.053,1.185,-0.565,21.061,-44.534
0.086,-0.044,1.170,-0.893,20.389,-43.053
0.091,-0.050,1.170,-1.687,20.244,-42.977
0.087,-0.055,1.165,-2.435,20.336,-43.206
0.072,-0.056,1.159,-3.290,19.794,-43.038
0.073,-0.065,1.170,-3.084,19.382,-43.008
0.079,-0.075,1.170,-2.260,19.534,-43.763
0.068,-0.070,1.165,-1.817,18.603,-44.427
0.054,-0.071,1.170,-1.351,18.519,-42.832
0.065,-0.068,1.164,-1.450,18.802,-40.863
0.080,-0.080,1.158,-2.084,18.870,-41.580
0.077,-0.074,1.165,-2.656,19.786,-41.573
0.070,-0.074,1.160,-2.893,21.756,-40.748
0.083,-0.075,1.172,-2.244,22.176,-40.336
0.070,-0.067,1.148,-1.992,22.565,-40.588
0.062,-0.068,1.150,-2.802,22.603,-39.901
0.074,-0.066,1.155,-3.229,20.840,-39.977
0.079,-0.065,1.155,-3.473,18.511,-40.420
0.088,-0.073,1.156,-4.099,17.435,-40.702
0.093,-0.079,1.164,-3.962,16.748,-40.954
0.100,-0.089,1.173,-3.038,17.863,-40.901
0.109,-0.074,1.159,-2.473,19.931,-40.985
0.113,-0.073,1.155,-2.374,21.863,-40.878
0.101,-0.071,1.146,-3.336,23.305,-40.786
0.091,-0.069,1.152,-4.168,23.817,-40.107
0.097,-0.070,1.163,-3.924,23.229,-40.267
0.099,-0.076,1.163,-3.435,22.466,-40.542
0.109,-0.069,1.156,-3.229,21.130,-41.443
0.102,-0.067,1.144,-3.611,21.321,-41.626
0.102,-0.074,1.156,-3.931,20.405,-42.359
0.089,-0.075,1.163,-3.649,18.664,-43.305
0.092,-0.075,1.160,-3.634,17.649,-43.527
0.098,-0.072,1.154,-3.595,17.740,-43.344
0.095,-0.069,1.145,-4.412,18.969,-42.954
0.093,-0.066,1.153,-5.015,20.405,-42.344
0.096,-0.071,1.151,-5.733,21.351,-42.061
0.091,-0.080,1.172,-6.641,21.038,-41.656
0.095,-0.090,1.175,-6.237,21.122,-41.809
0.106,-0.107,1.193,-5.290,20.626,-44.260
0.095,-0.088,1.191,-3.702,19.840,-46.069
0.090,-0.082,1.171,-2.580,20.611,-44.672
0.094,-0.073,1.174,-2.511,21.107,-43.412
0.086,-0.078,1.188,-2.779,21.321,-43.344
0.074,-0.079,1.186,-2.427,20.046,-44.038
0.077,-0.083,1.181,-2.664,19.626,-43.580
0.094,-0.087,1.184,-2.481,20.244,-44.550
0.094,-0.081,1.180,-2.145,21.015,-44.840
0.090,-0.074,1.172,-1.969,22.840,-43.290
0.082,-0.073,1.173,-2.122,23.374,-41.817
0.083,-0.070,1.177,-2.618,23.137,-42.084
0.083,-0.073,1.171,-2.695,22.740,-42.649
0.087,-0.079,1.177,-2.198,21.679,-42.779
0.090,-0.079,1.169,-1.435,20.901,-43.137
0.084,-0.076,1.169,-0.374,20.023,-43.481
0.074,-0.067,1.161,0.023,18.634,-43.153
0.080,-0.065,1.144,-0.305,18.130,-43.267
0.086,-0.072,1.142,-1.542,18.237,-42.756
0.096,-0.067,1.147,-2.977,19.557,-41.947
0.099,-0.072,1.149,-3.687,21.336,-41.870
0.096,-0.077,1.148,-3.855,23.046,-41.863
0.093,-0.083,1.147,-3.756,23.496,-41.924
0.086,-0.080,1.157,-3.397,23.038,-42.183
0.082,-0.083,1.160,-2.588,21.595,-42.336
0.087,-0.080,1.153,-2.221,20.130,-42.489
0.100,-0.076,1.162,-1.061,19.000,-42.901
0.102,-0.080,1.150,-1.282,18.992,-43.351
0.105,-0.067,1.143,-1.588,19.840,-43.573
0.097,-0.067,1.134,-2.840,21.328,-43.824
0.087,-0.066,1.134,-4.046,21.656,-43.725
0.085,-0.072,1.137,-5.031,21.656,-43.611
0.078,-0.074,1.130,-5.595,22.023,-43.496
0.075,-0.074,1.150,-5.931,21.244,-43.382
0.070,-0.073,1.146,-5.931,20.443,-43.435
0.078,-0.080,1.153,-5.885,20.099,-43.351
0.092,-0.081,1.144,-5.672,19.634,-44.015
0.095,-0.076,1.127,-6.015,20.550,-44.748
0.082,-0.065,1.137,-7.015,21.046,-45.794
0.073,-0.066,1.130,-7.870,21.450,-44.893
0.078,-0.055,1.131,-9.275,22.359,-43.656
0.074,-0.061,1.135,-10.794,21.489,-43.130
0.071,-0.063,1.145,-12.618,20.443,-43.809
0.065,-0.066,1.153,-13.626,18.870,-43.763
0.062,-0.058,1.162,-15.344,16.626,-42.336
0.066,-0.052,1.198,-18.038,15.145,-40.969
0.082,-0.041,1.224,-21.267,13.756,-40.366
0.103,-0.021,1.281,-24.282,13.794,-40.885
0.090,-0.001,1.365,-25.076,12.198,-41.176
0.087,0.013,1.458,-23.290,11.779,-39.809
0.074,-0.002,1.597,-19.191,9.779,-35.947
0.082,-0.039,1.721,-10.924,5.901,-31.015
0.095,-0.073,1.830,-0.542,-1.092,-27.519
0.096,-0.117,2.000,21.626,-7.855,-27.634
0.127,-0.127,1.984,44.420,-2.183,-26.802
0.156,-0.115,2.000,62.733,1.672,-27.863
0.119,-0.101,2.000,77.733,-0.427,-32.351
0.084,-0.055,1.979,83.527,-5.168,-32.679
0.074,-0.032,1.996,83.008,-14.092,-30.290
0.142,-0.041,2.000,84.725,-21.947,-30.748
0.206,-0.041,2.000,87.511,-23.870,-32.893
0.237,-0.054,2.000,94.595,-23.702,-33.023
0.210,-0.100,1.975,106.359,-20.725,-34.046
0.170,-0.166,1.955,120.237,-20.076,-36.603
0.128,-0.192,1.849,134.198,-21.450,-38.870
0.128,-0.195,1.756,146.084,-22.130,-39.351
0.167,-0.181,1.645,157.954,-21.298,-39.473
0.200,-0.167,1.494,167.595,-16.282,-41.153
0.186,-0.152,1.363,174.794,-12.924,-43.969
0.134,-0.133,1.216,179.137,-7.908,-46.641
0.084,-0.123,1.107,180.557,-5.954,-45.397
0.073,-0.099,0.982,180.237,-4.954,-43.611
0.090,-0.067,0.868,175.794,-1.282,-41.893
0.075,-0.053,0.829,172.313,1.977,-40.634
0.076,-0.048,0.747,169.924,1.313,-41.221
0.084,-0.029,0.623,166.649,1.511,-42.901
0.087,0.014,0.536,161.641,2.893,-43.702
0.085,0.071,0.452,152.672,4.015,-41.634
0.107,0.138,0.375,140.344,8.038,-37.351
0.143,0.179,0.324,126.664,12.870,-31.511
0.168,0.195,0.300,112.298,18.405,-27.244
0.168,0.212,0.292,100.061,20.137,-27.137
0.187,0.224,0.268,88.229,19.855,-28.718
0.185,0.238,0.283,76.969,18.260,-30.183
0.205,0.247,0.244,66.511,19.374,-30.878
0.229,0.265,0.241,56.565,21.198,-31.450
0.253,0.293,0.221,47.458,24.168,-32.634
0.261,0.332,0.208,36.489,28.580,-33.603
0.268,0.354,0.229,26.206,31.160,-33.893
0.273,0.372,0.250,16.641,32.374,-34.473
0.286,0.380,0.262,7.733,33.160,-36.107
0.302,0.387,0.267,-1.023,33.847,-39.519
0.280,0.400,0.265,-9.748,34.397,-43.580
0.286,0.407,0.255,-19.252,34.817,-48.809
0.238,0.435,0.273,-29.809,32.313,-51.160
0.203,0.443,0.291,-40.710,29.450,-51.397
0.210,0.435,0.309,-52.351,27.771,-50.634
0.222,0.409,0.365,-63.595,26.267,-50.389
0.245,0.403,0.419,-72.740,27.328,-50.962
0.270,0.403,0.458,-81.481,32.336,-50.504
0.271,0.393,0.522,-88.817,36.863,-51.534
0.242,0.370,0.585,-94.588,39.573,-53.878
0.191,0.337,0.643,-100.847,37.977,-57.031
0.141,0.312,0.689,-104.794,32.809,-59.832
0.090,0.277,0.747,-108.458,27.695,-61.794
0.063,0.248,0.783,-109.702,20.893,-62.038
0.034,0.235,0.810,-112.466,15.626,-59.626
0.056,0.236,0.843,-115.359,14.282,-55.435
0.103,0.241,0.853,-116.672,19.580,-52.473
0.148,0.251,0.855,-118.985,28.321,-49.824
0.161,0.248,0.900,-124.221,37.908,-47.191
0.179,0.235,0.923,-129.733,47.313,-44.969
0.202,0.215,0.967,-135.534,54.733,-42.771
0.188,0.193,1.065,-142.267,55.863,-41.641
0.135,0.143,1.155,-144.603,51.580,-42.466
